gid,
다사643560
다사647551
다사629554
다사645566
다사631573
다사634534
다사649556
다사626569
다사627555
다사629545
다사647561
다사641561
다사647559
다사630540
다사642536
다사629564
다사629531
다사641549
다사624555
다사641571
다사632547
다사625566
다사624567
다사626567
다사627539
다사642533
다사648552
다사634536
다사623549
다사633531
다사631531
다사638560
다사623545
다사628572
다사626572
다사633538
다사626549
다사632558
다사635542
다사636547
다사638552
다사647557
다사645553
다사625569
다사634546
다사631563
다사632556
다사653559
다사658562
다사631532
다사642555
다사643553
다사633525
다사639572
다사639539
다사628561
다사648566
다사628526
다사652557
다사634541
다사627565
다사646554
다사656558
다사627566
다사628560
다사644545
다사658567
다사630544
다사623570
다사639536
다사653568
다사632550
다사621549
다사641573
다사646562
다사646555
다사629559
다사632538
다사643542
다사646550
다사623551
다사636550
다사637544
다사630568
다사634543
다사630545
다사637559
다사641542
다사647543
다사654575
다사648576
다사638572
다사637530
다사629574
다사652554
다사655576
다사631529
다사646546
다사647568
다사646544
다사644548
다사631548
다사644549
다사622549
다사630551
다사637576
다사633553
다사643545
다사645551
다사651564
다사636561
다사637575
다사634525
다사628553
다사636553
다사643561
다사624542
다사631538
다사630529
다사634561
다사640561
다사625571
다사646570
다사623568
다사635545
다사643559
다사636546
다사650554
다사634542
다사650567
다사631525
다사629556
다사640540
다사651579
다사640547
다사641563
다사625549
다사628569
다사629526
다사646556
다사634540
다사650562
다사626547
다사632526
다사633574
다사641539
다사656573
다사658566
다사633545
다사640546
다사629577
다사633554
다사642564
다사651556
다사634548
다사623550
다사625544
다사632543
다사636543
다사624545
다사625541
다사651559
다사635552
다사635574
다사652562
다사630527
다사622546
다사629547
다사631533
다사623562
다사625575
다사647574
다사657566
다사648557
다사640563
다사624569
다사630549
다사636573
다사624548
다사624556
다사631572
다사648548
다사649545
다사644565
다사625568
다사635557
다사645556
다사630537
다사653556
다사628543
다사629571
다사633558
다사636551
다사630528
다사636530
다사634547
다사633546
다사659565
다사632573
다사632540
다사633548
다사629555
다사634533
다사641541
다사650577
다사626557
다사629539
다사633577
다사641537
다사657559
다사648571
다사627556
다사644544
다사633550
다사639553
다사627575
다사629576
다사648551
다사650555
다사646559
다사640554
다사641540
다사624558
다사626556
다사637545
다사641532
다사649560
다사635551
다사628575
다사637551
다사642570
다사626551
다사637539
다사636542
다사640534
다사644568
다사628576
다사640542
다사627547
다사641533
다사637543
다사637529
다사643548
다사645554
다사641555
다사643565
다사644554
다사645565
다사624544
다사624561
다사652559
다사647548
다사640544
다사631539
다사645562
다사639554
다사624551
다사629550
다사636545
다사625542
다사643550
다사629558
다사629560
다사640532
다사642549
다사642565
다사625557
다사624572
다사635577
다사629548
다사628574
다사624563
다사660560
다사646566
다사627561
다사643552
다사650558
다사635575
다사636538
다사626563
다사642546
다사630577
다사640570
다사642569
다사648560
다사628535
다사634558
다사643564
다사626561
다사643543
다사645572
다사652576
다사633544
다사641543
다사652556
다사630575
다사643569
다사626568
다사638539
다사639542
다사638574
다사646561
다사647550
다사651568
다사631547
다사650576
다사655558
다사635553
다사639559
다사625559
다사629549
다사638531
다사629546
다사634535
다사638538
다사646551
다사634577
다사639562
다사641554
다사625551
다사628541
다사631568
다사633549
다사626546
다사633552
다사645546
다사631544
다사636537
다사626542
다사638557
다사633524
다사643556
다사627548
다사644567
다사651576
다사652563
다사635534
다사637540
다사649554
다사627540
다사642558
다사630525
다사640559
다사630566
다사642557
다사639558
다사640539
다사648544
다사647549
다사645555
다사646563
다사636554
다사627574
다사648562
다사627551
다사631557
다사633534
다사632532
다사639535
다사642554
다사623565
다사627563
다사628562
다사628552
다사641562
다사646565
다사623566
다사640557
다사645568
다사635533
다사629570
다사635530
다사639549
다사631578
다사635539
다사641547
다사648553
다사642544
다사626559
다사637556
다사629572
다사630569
다사629565
다사648550
다사626566
다사646564
다사644572
다사637532
다사622550
다사636525
다사641535
다사642571
다사637558
다사654559
다사646547
다사641550
다사647575
다사642572
다사630576
다사639546
다사643566
다사648554
다사626544
다사647554
다사652560
다사639574
다사642551
다사621554
다사624547
다사636535
다사630530
다사623569
다사635525
다사638556
다사631549
다사637557
다사641538
다사627549
다사640572
다사623574
다사625547
다사626539
다사626541
다사625550
다사650578
다사652577
다사630533
다사625564
다사631555
다사643537
다사634529
다사632527
다사657575
다사634530
다사647553
다사654571
다사628556
다사649547
다사625563
다사632553
다사634557
다사640560
다사641545
다사641565
다사642567
다사627571
다사628559
다사629542
다사630547
다사653576
다사643571
다사636549
다사637574
다사638542
다사624557
다사624552
다사637537
다사644569
다사627567
다사633528
다사626575
다사629538
다사630557
다사651575
다사654558
다사626553
다사627558
다사628549
다사647556
다사621551
다사624541
다사633543
다사638553
다사633527
다사638540
다사624553
다사635555
다사632548
다사637533
다사642576
다사626573
다사633551
다사639543
다사631527
다사658573
다사624565
다사638554
다사655559
다사624564
다사626550
다사646569
다사627542
다사640537
다사625556
다사644538
다사641556
다사626548
다사645564
다사648574
다사643551
다사649553
다사639575
다사622547
다사654574
다사622554
다사633529
다사634524
다사632534
다사656559
다사645549
다사630558
다사630538
다사632552
다사643557
다사637542
다사628536
다사644550
다사625555
다사638549
다사649558
다사630542
다사650556
다사628558
다사635576
다사631564
다사638543
다사631546
다사643541
다사630541
다사640573
다사622552
다사649550
다사632557
다사642562
다사649555
다사635538
다사650569
다사647544
다사635547
다사629553
다사634574
다사633573
다사634526
다사626538
다사628544
다사629543
다사645558
다사647555
다사626562
다사632530
다사630526
다사644558
다사630555
다사639545
다사638551
다사623547
다사644560
다사635540
다사647545
다사621548
다사640538
다사650553
다사652572
다사631575
다사629569
다사632531
다사637552
다사638532
다사649566
다사632578
다사626540
다사654560
다사628570
다사638533
다사647569
다사629551
다사646567
다사623555
다사623546
다사644566
다사628546
다사640533
다사623544
다사624568
다사642573
다사632545
다사636574
다사631530
다사648561
다사633556
다사657574
다사655557
다사630565
다사653575
다사632576
다사635554
다사625573
다사626558
다사641534
다사647542
다사627557
다사642532
다사627560
다사641552
다사629575
다사640555
다사660561
다사627573
다사629527
다사650557
다사632560
다사629561
다사631528
다사644536
다사649557
다사638545
다사639555
다사654573
다사628554
다사629573
다사626571
다사633539
다사652574
다사625572
다사641559
다사635528
다사642543
다사629540
다사639573
다사633575
다사625570
다사628573
다사654576
다사632564
다사632555
다사647577
다사625560
다사644556
다사627576
다사632536
다사636559
다사653560
다사650561
다사631550
다사643567
다사622551
다사625565
다사638544
다사627553
다사636540
다사648556
다사626555
다사636524
다사640551
다사637546
다사639551
다사644559
다사654557
다사633560
다사630550
다사646557
다사643549
다사638546
다사639548
다사646542
다사641566
다사630553
다사632525
다사654562
다사635531
다사648563
다사634538
다사645563
다사639544
다사628567
다사638547
다사651557
다사637560
다사642561
다사622548
다사628528
다사632541
다사623543
다사624546
다사625552
다사628527
다사635543
다사628564
다사644576
다사655573
다사626543
다사628538
다사649577
다사640571
다사649561
다사631537
다사635548
다사652561
다사647576
다사641536
다사648549
다사630564
다사630572
다사632575
다사640550
다사632542
다사632528
다사637549
다사645561
다사628550
다사638559
다사627568
다사641548
다사625558
다사627546
다사627552
다사630559
다사631536
다사640531
다사633530
다사644557
다사628547
다사652568
다사643544
다사650550
다사625546
다사634545
다사621553
다사639540
다사643563
다사643572
다사646553
다사647563
다사636576
다사640541
다사632539
다사634532
다사642534
다사645548
다사647567
다사623572
다사628555
다사646558
다사629530
다사634528
다사633559
다사624554
다사621552
다사635546
다사651555
다사631545
다사639533
다사640575
다사651574
다사652569
다사624559
다사630563
다사626574
다사639534
다사639541
다사631576
다사631562
다사632544
다사644562
다사632554
다사644542
다사648545
다사641553
다사647564
다사651554
다사630561
다사634575
다사642574
다사652555
다사636560
다사645557
다사653558
다사627562
다사640543
다사628525
다사642553
다사648559
다사640558
다사649546
다사628557
다사623552
다사640535
다사621550
다사633526
다사634551
다사637536
다사646552
다사643547
다사636558
다사645547
다사645552
다사631559
다사627554
다사646560
다사636533
다사652575
다사624574
다사641544
다사627541
다사642541
다사631541
다사634554
다사624562
다사631554
다사646549
다사632563
다사645536
다사653561
다사637538
다사645560
다사626554
다사630532
다사634578
다사629562
다사633533
다사641551
다사638535
다사626570
다사630552
다사640545
다사636555
다사656572
다사625548
다사633555
다사629537
다사635524
다사645550
다사630570
다사635544
다사647558
다사639550
다사643555
다사626545
다사637548
다사651569
다사625567
다사627559
다사632574
다사640556
다사647560
다사643562
다사632529
다사625554
다사641558
다사628566
다사633537
다사638536
다사648570
다사636539
다사627538
다사644551
다사636532
다사639531
다사640536
다사631553
다사641570
다사626565
다사626560
다사634556
다사647565
다사628563
다사629544
다사645559
다사647547
다사624549
다사639532
다사644539
다사638548
다사623564
다사652571
다사657558
다사629552
다사633557
다사653571
다사655572
다사629529
다사630536
다사631551
다사628551
다사648542
다사634539
다사636548
다사639557
다사625543
다사641567
다사645544
다사627545
다사628540
다사641572
다사644543
다사649548
다사623554
다사642545
다사636556
다사639563
다사625562
다사630560
다사651558
다사623573
다사628529
다사657573
다사635549
다사643554
다사634555
다사648543
다사635559
다사643536
다사642550
다사637570
다사643535
다사644547
다사646574
다사637535
다사638575
다사640548
다사642542
다사644555
다사626564
다사636557
다사629525
다사633547
다사630546
다사632551
다사642540
다사629566
다사647572
다사633578
다사647552
다사628568
다사636575
다사652558
다사630531
다사624550
다사646576
다사646545
다사634537
다사627572
다사634553
다사635560
다사638541
다사643568
다사624543
다사633541
다사635535
다사635541
다사648555
다사648577
다사641560
다사645570
다사652564
다사627564
다사651560
다사634552
다사646543
다사624570
다사647562
다사623553
다사629532
다사638573
다사658565
다사633540
다사628571
다사645569
다사627569
다사636527
다사637547
다사635558
다사645574
다사622544
다사630567
다사631526
다사646568
다사631574
다사632549
다사646573
다사627544
다사642548
다사631543
다사625540
다사642547
다사633532
다사634560
다사653557
다사654556
다사623548
다사634549
다사649549
다사624571
다사629541
다사635536
다사628542
다사643558
다사648546
다사623556
다사636544
다사656574
다사633536
다사638561
다사640574
다사638550
다사645545
다사642538
다사628548
다사638562
다사636536
다사641546
다사644563
다사635532
다사648573
다사634531
다사636534
다사636529
다사632535
다사643575
다사625545
다사631534
다사627570
다사660559
다사631560
다사630539
다사628565
다사644552
다사629557
다사631540
다사644564
다사653577
다사626552
다사622545
다사627543
다사636528
다사656577
다사629568
다사650549
다사624573
다사635556
다사631558
다사641564
다사622555
다사629528
다사627550
다사637531
다사635537
다사623557
다사629536
다사656576
다사635526
다사632577
다사653573
다사628545
다사634559
다사637550
다사644561
다사623567
다사630573
다사639547
다사642559
다사634550
다사638534
다사624560
다사624566
다사633561
다사649559
다사655560
다사631577
다사632546
다사631571
다사630571
다사639537
다사655575
다사649552
다사634544
다사643546
다사647573
다사632561
다사648547
다사628539
다사630574
다사647546
다사622553
다사630556
다사640549
다사644553
다사630543
다사632559
다사636562
다사648558
다사635529
다사661560
다사632533
다사629567
다사630548
다사638537
다사642556
다사642566
다사636541
다사630554
다사631561
다사642537
다사633535
다사646548
다사655574
다사631542
다사623563
다사649576
다사637541
다사631556
다사635550
다사637553
다사637534
다사651566
다사642560
다사625574
다사639538
다사625553
다사650559
다사623571
다사636552
다사629563
다사625561
다사635527
다사644546
다사639560
다사633542
다사642552
다사657560
다사625538
다사638569
다사645577
다사649534
다사656548
다사644530
다사655542
다사641525
다사655580
다사636565
다사649571
다사627531
다사643533
다사644529
다사657579
다사643534
다사621564
다사641574
다사659556
다사652540
다사655565
다사627530
다사638529
다사653570
다사639526
다사630534
다사658579
다사636523
다사653555
다사620549
다사654548
다사642524
다사656551
다사657567
다사641568
다사650566
다사657548
다사658569
다사661569
다사659579
다사653550
다사657572
다사650575
다사658552
다사621547
다사643538
다사643530
다사659562
다사661568
다사661577
다사650572
다사622543
다사659571
다사642539
다사633572
다사620551
다사647570
다사628530
다사639523
다사620545
다사634576
다사654566
다사649569
다사620544
다사648540
다사622571
다사652543
다사620554
다사621575
다사653552
다사662576
다사640569
다사635572
다사651573
다사622558
다사648572
다사660573
다사643532
다사660568
다사638558
다사656579
다사647538
다사642529
다사659573
다사654578
다사655569
다사646575
다사657570
다사656563
다사640552
다사635568
다사621571
다사648564
다사637554
다사647537
다사643577
다사624576
다사652570
다사654544
다사635565
다사623561
다사640530
다사644578
다사631552
다사644535
다사622568
다사656544
다사633579
다사627527
다사656566
다사649564
다사653544
다사662562
다사642578
다사635567
다사619553
다사636563
다사646578
다사647529
다사654579
다사651545
다사637526
다사641526
다사644534
다사621563
다사627529
다사627536
다사659558
다사649544
다사658578
다사621543
다사656564
다사647566
다사655551
다사649579
다사653543
다사655563
다사652536
다사627528
다사634573
다사660551
다사624537
다사648575
다사627525
다사657547
다사624536
다사627532
다사645534
다사621574
다사658568
다사657571
다사634569
다사623558
다사634568
다사639556
다사660554
다사638525
다사658570
다사658555
다사662560
다사649543
다사635566
다사650564
다사651571
다사643539
다사654564
다사662566
다사663564
다사649537
다사621567
다사643570
다사651537
다사626531
다사651565
다사634563
다사656550
다사655541
다사646529
다사650546
다사648579
다사640523
다사647571
다사649568
다사654561
다사648569
다사655540
다사650563
다사654551
다사659577
다사623538
다사636566
다사648536
다사643527
다사652565
다사656549
다사651547
다사641529
다사653565
다사660569
다사638555
다사649574
다사646532
다사625534
다사645579
다사650542
다사649563
다사661559
다사658553
다사639527
다사627535
다사660567
다사626528
다사661572
다사646526
다사652541
다사659564
다사642535
다사658548
다사644533
다사649572
다사661564
다사637528
다사621545
다사642575
다사622572
다사644541
다사661576
다사643525
다사661578
다사659572
다사652553
다사621544
다사662575
다사619554
다사644525
다사659553
다사656569
다사619551
다사639571
다사620550
다사643526
다사653545
다사650537
다사621562
다사627537
다사634566
다사620573
다사634565
다사638576
다사619552
다사642568
다사632569
다사655553
다사635570
다사656580
다사659574
다사647539
다사646536
다사657563
다사626535
다사631567
다사629534
다사651572
다사639567
다사648532
다사656546
다사621566
다사640565
다사627533
다사653539
다사655579
다사660555
다사650539
다사631566
다사652546
다사622567
다사638563
다사620553
다사625535
다사645526
다사661575
다사660565
다사659560
다사652578
다사637563
다사633570
다사632571
다사645571
다사639529
다사663565
다사661552
다사636579
다사654553
다사659550
다사620552
다사660550
다사647533
다사620548
다사645530
다사633562
다사649567
다사656555
다사657569
다사653578
다사622542
다사649540
다사658561
다사662565
다사639576
다사653566
다사642525
다사646579
다사656575
다사643574
다사637573
다사661550
다사639578
다사649578
다사639525
다사660553
다사660570
다사646538
다사661565
다사635563
다사643576
다사648537
다사650551
다사626536
다사651567
다사650574
다사652539
다사638530
다사644574
다사622575
다사639566
다사648533
다사621569
다사654539
다사653574
다사628577
다사647578
다사655566
다사655570
다사660577
다사622559
다사659576
다사626526
다사652579
다사626533
다사622569
다사651570
다사645578
다사662572
다사655564
다사635579
다사654570
다사656561
다사640568
다사651550
다사655546
다사654554
다사645575
다사661566
다사623537
다사645542
다사627526
다사657549
다사662564
다사658554
다사644531
다사649535
다사658549
다사662571
다사639569
다사660549
다사638524
다사655552
다사637562
다사622564
다사623542
다사634562
다사623540
다사654543
다사651577
다사652549
다사621570
다사649533
다사645531
다사650547
다사621572
다사654572
다사645529
다사639561
다사646528
다사653564
다사658564
다사660558
다사628534
다사650540
다사625536
다사638523
다사655550
다사653537
다사658556
다사647532
다사620555
다사633565
다사637527
다사653538
다사621568
다사653579
다사658575
다사660564
다사648538
다사651549
다사632565
다사651546
다사641575
다사638564
다사657557
다사638565
다사648578
다사621556
다사641569
다사655577
다사642563
다사643540
다사649570
다사645532
다사661573
다사632562
다사632570
다사656578
다사652545
다사647535
다사652552
다사636568
다사652547
다사640527
다사636572
다사636577
다사639570
다사662569
다사643531
다사660574
다사657546
다사658576
다사646534
다사658574
다사657554
다사630578
다사636578
다사646541
다사633564
다사634527
다사636564
다사650571
다사655544
다사651553
다사655561
다사656565
다사660576
다사622563
다사626532
다사657577
다사635561
다사651544
다사661553
다사633576
다사659549
다사655547
다사635564
다사638566
다사654569
다사649565
다사652544
다사651541
다사661571
다사652567
다사653563
다사661549
다사642531
다사655571
다사662563
다사649538
다사647530
다사649551
다사637555
다사637525
다사656556
다사659551
다사657565
다사660575
다사645537
다사656562
다사653540
다사628532
다사656570
다사620547
다사637524
다사646537
다사622556
다사644528
다사636567
다사624575
다사651561
다사640524
다사655567
다사649541
다사656557
다사646533
다사653542
다사649575
다사627577
다사655556
다사635578
다사655545
다사637565
다사649532
다사657555
다사638570
다사653572
다사660571
다사653547
다사659559
다사636526
다사636531
다사647531
다사622573
다사620574
다사653554
다사644573
다사657562
다사622560
다사656568
다사660566
다사654541
다사645576
다사648535
다사650579
다사640553
다사660563
다사661567
다사658563
다사626534
다사645541
다사661570
다사634571
다사650573
다사645567
다사653567
다사646572
다사651551
다사654540
다사622565
다사637523
다사651539
다사654538
다사635571
다사648565
다사659566
다사639530
다사640526
다사650538
다사653541
다사650560
다사650545
다사651552
다사650568
다사631569
다사621546
다사639524
다사637577
다사637569
다사632572
다사661562
다사634570
다사662570
다사644575
다사647534
다사635573
다사651563
다사632567
다사647528
다사653549
다사655543
다사656560
다사644571
다사654567
다사639528
다사637578
다사658560
다사651538
다사647536
다사638528
다사640577
다사640567
다사640525
다사642528
다사648567
다사650565
다사646527
다사658572
다사641524
다사637579
다사637566
다사660572
다사653551
다사658571
다사658557
다사659561
다사657578
다사638527
다사642577
다사640529
다사621561
다사638526
다사649573
다사634567
다사641531
다사656571
다사661551
다사622574
다사656547
다사641557
다사641528
다사627534
다사644537
다사633568
다사657568
다사638577
다사622539
다사648534
다사644570
다사620546
다사637561
다사643529
다사659567
다사644532
다사661563
다사643578
다사657556
다사628531
다사622561
다사633571
다사654550
다사659552
다사637571
다사651540
다사654549
다사623560
다사650535
다사647541
다사624539
다사652573
다사641577
다사658558
다사638567
다사641530
다사647527
다사658550
다사632568
다사655568
다사633563
다사631565
다사643524
다사646530
다사646577
다사652566
다사659575
다사640562
다사623559
다사651578
다사648530
다사625576
다사652551
다사654577
다사623541
다사626537
다사639568
다사662568
다사650552
다사622540
다사652550
다사657576
다사660557
다사644540
다사651543
다사656554
다사638571
다사657561
다사625539
다사641576
다사650541
다사621555
다사648531
다사642526
다사643528
다사641527
다사645538
다사660552
다사648541
다사633569
다사624538
다사640576
다사645533
다사660578
다사628537
다사654555
다사645539
다사655578
다사646539
다사654545
다사622541
다사646535
다사653569
다사637572
다사652538
다사655548
다사632537
다사637564
다사629533
다사635569
다사654552
다사658577
다사656545
다사654547
다사659570
다사640528
다사626530
다사646571
다사636569
다사640564
다사638568
다사646531
다사624535
다사622570
다사655554
다사659555
다사650548
다사655562
다사654565
다사654546
다사632566
다사650536
다사632579
다사659563
다사643573
다사659568
다사626527
다사638578
다사622566
다사626529
다사644579
다사630535
다사655539
다사657550
다사631570
다사661561
다사622557
다사651536
다사645543
다사649539
다사659578
다사650543
다사658559
다사624540
다사649536
다사639565
다사657552
다사647540
다사653548
다사653562
다사649542
다사639564
다사623575
다사644527
다사648539
다사645528
다사662561
다사650570
다사653553
다사637568
다사636571
다사660562
다사645527
다사651562
다사633567
다사621573
다사646540
다사653546
다사657551
다사659569
다사637567
다사640566
다사634579
다사639577
다사657553
다사654542
다사639552
다사656553
다사656552
다사655549
다사621565
다사633566
다사659557
다사630562
다사645535
다사650544
다사655555
다사631535
다사654563
다사657564
다사642530
다사645540
다사658551
다사652548
다사656543
다사635562
다사649562
다사629535
다사659554
다사654568
다사652542
다사623539
다사652537
다사648568
다사626576
다사651542
다사651548
다사645573
다사634572
다사634564
다사642527
다사625537
다사644577
다사644526
다사656567
다사636570
다사628533
다사661574
다사622562
다사535522
다사568503
다사525510
다사545512
다사554513
다사555509
다사545517
다사572512
다사547517
다사550517
다사568517
다사571505
다사576517
다사578514
다사537516
다사565497
다사560514
다사566510
다사578521
다사536507
다사541510
다사552517
다사558516
다사570512
다사542511
다사579522
다사561520
다사574517
다사565512
다사572518
다사566503
다사573511
다사543510
다사565498
다사554515
다사575517
다사537512
다사536516
다사547521
다사577513
다사559517
다사565508
다사572513
다사546512
다사576522
다사566505
다사572511
다사553519
다사527507
다사542507
다사572521
다사549517
다사547516
다사558522
다사576525
다사568509
다사560515
다사561516
다사575524
다사526506
다사578512
다사531511
다사579516
다사571506
다사578524
다사554520
다사567506
다사565521
다사527513
다사569515
다사563522
다사571518
다사574510
다사559514
다사551516
다사576512
다사528512
다사564516
다사574518
다사569511
다사552512
다사557511
다사560513
다사557521
다사543516
다사526511
다사544513
다사574519
다사566514
다사570523
다사535506
다사571521
다사530511
다사557520
다사532522
다사551520
다사563498
다사539509
다사575519
다사543518
다사559519
다사530509
다사544514
다사549513
다사578520
다사548516
다사552515
다사553513
다사571509
다사565503
다사566504
다사528509
다사549521
다사575521
다사563505
다사574520
다사577512
다사565517
다사581518
다사534511
다사567503
다사525511
다사562520
다사575523
다사574516
다사563502
다사569523
다사551513
다사534510
다사558513
다사543509
다사575514
다사573517
다사574513
다사576515
다사564506
다사529510
다사557515
다사554521
다사558514
다사565516
다사568514
다사541509
다사553518
다사555514
다사525505
다사571507
다사538511
다사581517
다사535515
다사571510
다사570509
다사568508
다사547513
다사565504
다사569520
다사541521
다사537517
다사541512
다사564508
다사527509
다사542517
다사560503
다사559515
다사578522
다사569505
다사571519
다사578523
다사566508
다사555506
다사542521
다사544509
다사572515
다사569502
다사570510
다사543512
다사549516
다사573509
다사536506
다사554511
다사578518
다사567510
다사539513
다사548515
다사567505
다사571513
다사573521
다사563517
다사573518
다사527510
다사534521
다사564519
다사565501
다사562516
다사529507
다사563514
다사564499
다사575511
다사551518
다사567511
다사568504
다사540513
다사553521
다사555505
다사558512
다사570515
다사570517
다사569518
다사579515
다사572507
다사574521
다사555513
다사571516
다사539521
다사545515
다사552521
다사580518
다사560521
다사559516
다사527511
다사533513
다사543511
다사536511
다사537509
다사569514
다사570516
다사571517
다사537515
다사563504
다사562518
다사546518
다사556511
다사574511
다사569504
다사570506
다사564517
다사567500
다사568506
다사541517
다사575512
다사537510
다사537518
다사538508
다사549520
다사568512
다사569513
다사554507
다사576519
다사537521
다사553514
다사569501
다사577518
다사564522
다사570520
다사575522
다사529514
다사566499
다사536510
다사545516
다사563503
다사530510
다사566509
다사577516
다사558519
다사536509
다사540521
다사544511
다사562506
다사538510
다사548510
다사561519
다사567508
다사553507
다사559512
다사569517
다사557522
다사567501
다사557514
다사560517
다사575510
다사568510
다사564520
다사557519
다사571508
다사544517
다사552513
다사561514
다사567522
다사563507
다사565502
다사567509
다사568501
다사575516
다사571515
다사555521
다사558518
다사536521
다사544516
다사551515
다사554517
다사577517
다사567507
다사568505
다사575513
다사533510
다사540508
다사574514
다사542510
다사551512
다사570507
다사573515
다사571514
다사562504
다사551521
다사550516
다사555507
다사529508
다사562502
다사533511
다사565507
다사569507
다사544518
다사576524
다사528507
다사534518
다사539511
다사553517
다사560522
다사548518
다사550513
다사575520
다사577514
다사546517
다사577520
다사552511
다사560518
다사557512
다사542520
다사564521
다사538509
다사564514
다사552514
다사567514
다사556515
다사572508
다사571520
다사546511
다사566502
다사567515
다사570518
다사539517
다사561518
다사537513
다사573514
다사555515
다사557518
다사579520
다사541508
다사555522
다사559513
다사568507
다사556513
다사559521
다사572516
다사558520
다사563500
다사564502
다사578519
다사556520
다사579518
다사536523
다사563516
다사526512
다사562515
다사569506
다사529509
다사558511
다사552509
다사530508
다사566512
다사571503
다사531517
다사549519
다사551514
다사559522
다사550519
다사554508
다사574515
다사555504
다사550515
다사552518
다사561503
다사562519
다사527512
다사571511
다사563501
다사571504
다사550521
다사576520
다사569510
다사531516
다사556517
다사565506
다사567518
다사572517
다사540510
다사567504
다사553515
다사559520
다사560516
다사575518
다사543515
다사559511
다사569508
다사579517
다사557517
다사566506
다사542516
다사563519
다사554510
다사573516
다사566501
다사540512
다사546510
다사552516
다사554512
다사558523
다사578515
다사547512
다사574522
다사562514
다사577515
다사529512
다사532516
다사570504
다사561512
다사564504
다사532521
다사567513
다사564503
다사565515
다사545511
다사566518
다사566498
다사569522
다사538514
다사577522
다사563512
다사564497
다사529511
다사570503
다사550518
다사560511
다사566515
다사526505
다사532512
다사542509
다사541522
다사545510
다사548512
다사563506
다사549518
다사531510
다사560512
다사539512
다사551517
다사529513
다사560520
다사528506
다사545509
다사579519
다사561515
다사528510
다사576511
다사535507
다사564498
다사551511
다사552520
다사539514
다사540509
다사556522
다사579514
다사524506
다사556512
다사563521
다사568515
다사577521
다사566513
다사542514
다사562500
다사568502
다사569512
다사530517
다사564505
다사544512
다사574523
다사576518
다사565509
다사572514
다사576523
다사555517
다사567512
다사535510
다사545513
다사525512
다사570511
다사572520
다사526510
다사535521
다사548520
다사552508
다사545514
다사554509
다사568513
다사524511
다사553516
다사572506
다사582517
다사564518
다사570521
다사573520
다사546513
다사552519
다사558515
다사572509
다사567502
다사528508
다사549515
다사531521
다사561517
다사573510
다사576516
다사530513
다사554518
다사563499
다사547518
다사566507
다사538513
다사554516
다사566511
다사539516
다사553506
다사563518
다사572510
다사528511
다사531512
다사571523
다사578516
다사562501
다사540520
다사528513
다사550520
다사546516
다사574512
다사576514
다사543521
다사570513
다사574509
다사554504
다사555516
다사557516
다사562505
다사575515
다사572519
다사573519
다사577519
다사555511
다사565499
다사536508
다사540511
다사547515
다사566517
다사563513
다사544510
다사560523
다사563515
다사536512
다사538515
다사544515
다사568500
다사538517
다사549514
다사532515
다사577524
다사553508
다사559518
다사557513
다사565513
다사543517
다사568511
다사555520
다사555508
다사565518
다사570519
다사573513
다사553509
다사547514
다사566516
다사552507
다사554514
다사576521
다사564512
다사535511
다사533516
다사534516
다사570514
다사551519
다사562517
다사564500
다사578513
다사542508
다사570505
다사563523
다사538516
다사562512
다사530512
다사554506
다사567516
다사558521
다사542515
다사562503
다사564513
다사581516
다사530514
다사553520
다사570508
다사546515
다사555510
다사569503
다사540514
다사566500
다사559523
다사573512
다사530518
다사577525
다사565505
다사577523
다사561513
다사567517
다사535512
다사558517
다사562513
다사556514
다사543514
다사571512
다사580516
다사539515
다사537522
다사548511
다사565500
다사569509
다사555512
다사568518
다사574524
다사565514
다사525506
다사580517
다사539510
다사568516
다사560519
다사554519
다사576513
다사541511
다사564501
다사556521
다사538521
다사569516
다사564507
다사544519
다사573508
다사553504
다사552522
다사551507
다사549511
다사582518
다사536515
다사545520
다사527508
다사551501
다사547511
다사546521
다사573523
다사536513
다사567523
다사547522
다사531520
다사525504
다사533512
다사548506
다사525508
다사556506
다사548521
다사549510
다사524512
다사557523
다사566519
다사562521
다사533518
다사553522
다사552506
다사548519
다사531507
다사551509
다사537514
다사533515
다사548514
다사538518
다사572522
다사535519
다사541505
다사533520
다사553503
다사556507
다사534506
다사529520
다사535516
다사533509
다사531518
다사581515
다사557507
다사564495
다사578510
다사524505
다사556510
다사561508
다사550508
다사565522
다사553502
다사561523
다사535518
다사558505
다사532520
다사580514
다사573524
다사570502
다사558503
다사539523
다사559504
다사544520
다사541515
다사570501
다사534508
다사536518
다사542513
다사561521
다사557510
다사580515
다사545506
다사555499
다사556518
다사527506
다사533519
다사526509
다사556504
다사538520
다사546509
다사556502
다사540506
다사552510
다사561511
다사559509
다사542512
다사534507
다사544506
다사534522
다사541507
다사559508
다사559506
다사534517
다사544522
다사561510
다사564509
다사534513
다사549503
다사565495
다사536522
다사546508
다사550504
다사532510
다사535523
다사577526
다사558510
다사540519
다사560510
다사564510
다사551510
다사553499
다사554505
다사547508
다사572523
다사529518
다사553498
다사556519
다사546522
다사542505
다사549504
다사543513
다사559502
다사556503
다사536514
다사537523
다사543506
다사547520
다사572505
다사560508
다사533507
다사543519
다사577511
다사571522
다사543522
다사572504
다사562497
다사548517
다사563495
다사531515
다사563496
다사532518
다사563509
다사559510
다사535509
다사528514
다사529519
다사551508
다사558502
다사533521
다사567520
다사543507
다사541514
다사537519
다사551506
다사557509
다사547506
다사569521
다사568523
다사574508
다사554500
다사558501
다사563497
다사530515
다사549522
다사565519
다사540505
다사534509
다사547504
다사536520
다사542523
다사533508
다사538522
다사566520
다사552505
다사551504
다사538507
다사549507
다사541519
다사547510
다사563520
다사542506
다사545508
다사535520
다사555502
다사561522
다사535508
다사556509
다사548504
다사567521
다사561509
다사550509
다사549512
다사537520
다사541518
다사539522
다사558508
다사573507
다사566495
다사535513
다사548503
다사579526
다사525509
다사531514
다사559507
다사564515
다사541520
다사548522
다사556505
다사524507
다사553505
다사531519
다사559501
다사569500
다사548513
다사569519
다사565511
다사552501
다사561502
다사560507
다사545507
다사532519
다사550507
다사566521
다사537511
다사541523
다사546505
다사549506
다사533514
다사539506
다사535517
다사579524
다사534519
다사560502
다사550506
다사555503
다사557501
다사560505
다사575525
다사552504
다사535514
다사538523
다사549505
다사532517
다사542518
다사552503
다사526507
다사554501
다사537506
다사547507
다사564511
다사550512
다사550514
다사555518
다사541506
다사539505
다사559503
다사524508
다사553501
다사562498
다사542522
다사537505
다사546506
다사564523
다사563508
다사539519
다사543520
다사540523
다사532513
다사534515
다사546514
다사561507
다사551522
다사531522
다사543505
다사544521
다사531509
다사527505
다사555519
다사567499
다사550505
다사550502
다사567519
다사547503
다사548505
다사573506
다사560501
다사557505
다사562508
다사534514
다사541513
다사562510
다사562523
다사533517
다사560509
다사540517
다사541516
다사538519
다사556516
다사531513
다사548507
다사561504
다사568522
다사573505
다사536519
다사568520
다사547509
다사551502
다사545521
다사532507
다사546507
다사551505
다사554503
다사533522
다사570522
다사552500
다사557502
다사545519
다사549508
다사538506
다사559505
다사562509
다사547505
다사530507
다사540507
다사578517
다사534520
다사545505
다사535505
다사525507
다사540518
다사532511
다사537508
다사560506
다사556508
다사579523
다사542519
다사544508
다사577510
다사578511
다사558506
다사561506
다사563511
다사575509
다사557508
다사579525
다사557503
다사565496
다사550503
다사562522
다사568519
다사579521
다사530519
다사562507
다사557504
다사543508
다사539518
다사538512
다사536505
다사532509
다사540515
다사537507
다사566523
다사556501
다사547519
다사545518
다사552502
다사548509
다사558509
다사546504
다사539508
다사554498
다사561501
다사536517
다사534512
다사553510
다사539520
다사526504
다사579513
다사555500
다사532508
다사554499
다사553512
다사549509
다사548508
다사540516
다사566522
다사539507
다사540522
다사545522
다사530521
다사564496
다사558504
다사526508
다사544505
다사530522
다사566497
다사531508
다사550511
다사550522
다사565520
다사532514
다사578525
다사565510
다사578526
다사551503
다사553511
다사568521
다사550510
다사553500
다사560504
다사546520
다사565523
다사554522
다사568499
다사563510
다사530520
다사557506
다사573522
다사555501
다사558507
다사562511
다사576510
다사554502
다사561505
다사530516
다사534523
다사543523
다사556500
다사525503
다사546519
다사544507
다사551532
다사564526
다사539568
다사526570
다사548528
다사548531
다사556543
다사549537
다사530547
다사552522
다사559528
다사561535
다사530532
다사555539
다사527550
다사525549
다사542528
다사560529
다사549530
다사562537
다사563525
다사570527
다사518563
다사551525
다사545535
다사533565
다사542527
다사560536
다사569533
다사531557
다사532574
다사524545
다사545529
다사521556
다사526564
다사556538
다사568532
다사548523
다사532537
다사547522
다사532534
다사542536
다사557528
다사564524
다사571534
다사569526
다사533536
다사517576
다사526554
다사556535
다사534566
다사555544
다사520564
다사526569
다사568526
다사541545
다사528562
다사521532
다사527568
다사519571
다사532570
다사557545
다사537574
다사528527
다사527566
다사573525
다사519573
다사524544
다사558525
다사519569
다사539575
다사531552
다사540543
다사528555
다사546526
다사522533
다사556534
다사557523
다사546528
다사523559
다사532531
다사549523
다사525554
다사553522
다사522568
다사555523
다사577528
다사567525
다사559537
다사530552
다사572528
다사535526
다사532540
다사558544
다사529555
다사560540
다사544525
다사531528
다사547527
다사526525
다사528565
다사572524
다사535528
다사570526
다사561538
다사546536
다사534567
다사534572
다사529565
다사527573
다사557530
다사521570
다사541529
다사574534
다사522558
다사535573
다사564535
다사557541
다사563524
다사533556
다사527535
다사520556
다사564529
다사533566
다사575525
다사528522
다사540573
다사565524
다사530553
다사523556
다사529547
다사529554
다사565527
다사541574
다사566526
다사528566
다사519557
다사561543
다사528561
다사543526
다사524532
다사558529
다사524587
다사536575
다사531551
다사564531
다사529564
다사526536
다사522566
다사530563
다사536573
다사572535
다사531543
다사530573
다사571526
다사527571
다사559536
다사530531
다사528570
다사517571
다사532572
다사525530
다사561528
다사542541
다사544531
다사545541
다사556528
다사525529
다사522572
다사525527
다사558532
다사517580
다사535570
다사535525
다사557525
다사558538
다사525564
다사528548
다사521531
다사524528
다사572532
다사562527
다사553546
다사538571
다사554540
다사561540
다사563529
다사568528
다사544539
다사534526
다사525563
다사559534
다사524562
다사536568
다사555525
다사522563
다사541544
다사518576
다사544540
다사559538
다사527559
다사518559
다사563538
다사529548
다사546530
다사554544
다사527536
다사533573
다사527572
다사562533
다사560546
다사554547
다사567528
다사523528
다사528546
다사518567
다사520565
다사548527
다사521563
다사525560
다사526526
다사526530
다사557529
다사527570
다사571524
다사522573
다사571532
다사572526
다사552545
다사520572
다사521568
다사528540
다사550525
다사539571
다사545526
다사527564
다사571530
다사522567
다사531547
다사535555
다사534540
다사522549
다사524548
다사562528
다사522557
다사566531
다사535527
다사547523
다사531559
다사528569
다사568534
다사530543
다사529545
다사567529
다사541533
다사542538
다사548535
다사564530
다사530569
다사558541
다사523560
다사524573
다사568535
다사517568
다사575531
다사551546
다사529528
다사574530
다사526571
다사534536
다사556524
다사526551
다사573524
다사540531
다사550528
다사536576
다사570536
다사526548
다사546525
다사532535
다사552525
다사561529
다사530541
다사570524
다사528551
다사532526
다사557538
다사559539
다사529536
다사544527
다사545527
다사526567
다사523530
다사533529
다사527547
다사543538
다사526547
다사551522
다사544528
다사563537
다사531569
다사549547
다사530565
다사569534
다사525574
다사539573
다사523552
다사567524
다사524564
다사532564
다사564533
다사527548
다사555522
다사531538
다사547537
다사531546
다사527527
다사563532
다사560545
다사528536
다사523547
다사553543
다사536523
다사548539
다사525532
다사540525
다사569527
다사548534
다사534571
다사559530
다사527560
다사537571
다사537524
다사533572
다사530562
다사563530
다사545537
다사551528
다사553540
다사544541
다사520574
다사533571
다사554539
다사531571
다사518573
다사527549
다사555541
다사534541
다사533568
다사523558
다사529523
다사530561
다사526535
다사529561
다사547534
다사556536
다사529529
다사563533
다사536525
다사530535
다사545539
다사533541
다사531570
다사528530
다사525528
다사521533
다사550524
다사551524
다사536571
다사563539
다사525567
다사558523
다사562523
다사521559
다사543542
다사570528
다사516573
다사560539
다사521573
다사562529
다사562539
다사555543
다사546538
다사555540
다사535530
다사528539
다사520557
다사527526
다사520573
다사517558
다사557540
다사528535
다사549527
다사540575
다사519562
다사539530
다사549525
다사532541
다사523573
다사538575
다사527530
다사576532
다사545538
다사518564
다사527528
다사527524
다사537570
다사540574
다사523563
다사552523
다사546539
다사530559
다사529539
다사526565
다사532568
다사545540
다사525524
다사517567
다사529562
다사533555
다사520562
다사530551
다사520530
다사532536
다사556547
다사554545
다사520559
다사528528
다사531541
다사526556
다사525551
다사546540
다사529543
다사573534
다사563528
다사565533
다사522562
다사553541
다사553545
다사543539
다사526555
다사559524
다사522560
다사539567
다사519568
다사546533
다사521565
다사544522
다사562531
다사532525
다사530537
다사534538
다사523574
다사532542
다사533522
다사541537
다사542540
다사560542
다사527539
다사530542
다사562525
다사520561
다사524546
다사531567
다사533525
다사576529
다사547536
다사565530
다사529546
다사577533
다사534569
다사542534
다사522530
다사572531
다사526561
다사542542
다사518571
다사525526
다사544529
다사546529
다사532566
다사564528
다사522548
다사525553
다사554530
다사559545
다사578530
다사569528
다사556540
다사521566
다사523527
다사532530
다사563527
다사519566
다사562530
다사531550
다사530529
다사549531
다사522565
다사523572
다사539569
다사542530
다사529570
다사540569
다사528563
다사529563
다사560523
다사526557
다사530548
다사535531
다사527529
다사557536
다사566533
다사573533
다사529537
다사543534
다사522570
다사535534
다사523545
다사527567
다사555528
다사523561
다사540572
다사524563
다사535568
다사525562
다사534533
다사577526
다사528526
다사535523
다사552543
다사537576
다사570525
다사531553
다사520569
다사574528
다사542537
다사544532
다사530570
다사539572
다사521561
다사527521
다사523533
다사539570
다사542526
다사568531
다사521567
다사578533
다사551531
다사547539
다사559531
다사526529
다사521560
다사544530
다사532565
다사524561
다사545523
다사527522
다사540533
다사534537
다사537575
다사518566
다사565528
다사574529
다사543531
다사548533
다사523557
다사543528
다사528552
다사551526
다사528541
다사521529
다사531540
다사549526
다사519567
다사531572
다사546522
다사523567
다사524574
다사522531
다사574531
다사524556
다사545534
다사541572
다사524558
다사555529
다사572529
다사559523
다사557526
다사537573
다사559543
다사565529
다사529527
다사529572
다사533538
다사539574
다사525555
다사542532
다사545524
다사526545
다사546523
다사525557
다사561530
다사569529
다사548538
다사558546
다사574527
다사564525
다사535529
다사537566
다사531537
다사562532
다사566530
다사532533
다사544536
다사563540
다사522556
다사535533
다사536566
다사555542
다사521564
다사523562
다사533527
다사521530
다사523534
다사529573
다사538568
다사528523
다사528567
다사531568
다사532555
다사527569
다사550527
다사568524
다사557542
다사533531
다사528571
다사523566
다사533534
다사542543
다사538576
다사519570
다사559525
다사525559
다사555545
다사576526
다사525544
다사529540
다사577529
다사525558
다사534535
다사547524
다사525525
다사560533
다사524550
다사540539
다사561544
다사527556
다사529569
다사559540
다사532546
다사554543
다사543540
다사544534
다사560544
다사552524
다사530544
다사529538
다사557546
다사533542
다사567534
다사572536
다사534574
다사527551
다사528532
다사568533
다사540570
다사575530
다사563526
다사526538
다사529521
다사530528
다사548524
다사546541
다사526566
다사538565
다사576531
다사544533
다사569531
다사563536
다사547535
다사561526
다사571535
다사530568
다사524525
다사540544
다사519558
다사569536
다사535554
다사566527
다사560525
다사533564
다사575528
다사554529
다사531531
다사518557
다사541536
다사569535
다사564532
다사552527
다사539525
다사528564
다사537567
다사531533
다사520532
다사540567
다사536569
다사533554
다사573528
다사554541
다사529532
다사568525
다사547529
다사526537
다사563531
다사518575
다사531544
다사523549
다사555546
다사536572
다사566529
다사532527
다사541535
다사565532
다사535571
다사521562
다사548529
다사555530
다사519574
다사573530
다사518558
다사557527
다사534531
다사530546
다사556542
다사575526
다사527552
다사535532
다사554542
다사545525
다사546534
다사553524
다사578532
다사528554
다사523564
다사534534
다사566528
다사538567
다사573526
다사570535
다사542539
다사535565
다사526550
다사560530
다사557537
다사561531
다사566532
다사533528
다사523548
다사535572
다사520568
다사520563
다사551527
다사536524
다사532556
다사565525
다사527538
다사567526
다사555526
다사528549
다사532571
다사570530
다사519556
다사558530
다사524527
다사577532
다사534573
다사558547
다사528542
다사543529
다사549539
다사576527
다사561537
다사517564
다사542535
다사531534
다사517578
다사534565
다사528529
다사524554
다사556523
다사528573
다사526523
다사534525
다사529534
다사535569
다사545572
다사526524
다사558539
다사556531
다사524565
다사549522
다사578527
다사524557
다사525568
다사541573
다사541575
다사524566
다사575532
다사525556
다사532573
다사534532
다사575527
다사564539
다사532528
다사537569
다사525561
다사522561
다사531573
다사560527
다사527562
다사546537
다사536570
다사558542
다사573529
다사556545
다사557531
다사558540
다사573535
다사540545
다사549529
다사528568
다사550529
다사527523
다사556544
다사519531
다사563535
다사560537
다사552542
다사531532
다사540571
다사568536
다사524553
다사558536
다사553542
다사534528
다사542523
다사530545
다사565531
다사528538
다사529571
다사524555
다사543541
다사571531
다사544535
다사530560
다사517573
다사544524
다사564536
다사573532
다사545522
다사527525
다사558537
다사537568
다사544537
다사535575
다사520531
다사578529
다사520566
다사548525
다사533537
다사524547
다사545533
다사519559
다사517572
다사543527
다사556537
다사567533
다사568530
다사520560
다사530533
다사522532
다사527565
다사524567
다사535542
다사546535
다사562524
다사521569
다사543533
다사530522
다사518572
다사556530
다사532567
다사572527
다사538566
다사556539
다사549536
다사541526
다사527563
다사553523
다사541524
다사532539
다사548537
다사530554
다사573531
다사527554
다사558524
다사534592
다사524559
다사549528
다사529550
다사550522
다사557544
다사524529
다사525570
다사524526
다사570534
다사529567
다사541542
다사527534
다사566525
다사577531
다사531530
다사520558
다사573527
다사544523
다사540529
다사558543
다사551529
다사559546
다사578526
다사524560
다사528521
다사564538
다사558526
다사531527
다사551545
다사557524
다사518568
다사529526
다사533532
다사526553
다사554546
다사525531
다사559529
다사562536
다사548530
다사564534
다사541532
다사540530
다사556529
다사532552
다사525552
다사578531
다사535574
다사562540
다사561525
다사557539
다사519563
다사525545
다사529542
다사540526
다사557543
다사556541
다사534570
다사533526
다사533574
다사526563
다사576533
다사567527
다사571529
다사564527
다사533567
다사572533
다사575529
다사559533
다사530536
다사541541
다사547526
다사552547
다사577527
다사571528
다사545528
다사525565
다사529533
다사541525
다사559542
다사561527
다사528534
다사546532
다사531539
다사559544
다사526562
다사531526
다사546524
다사546527
다사529541
다사531555
다사559541
다사534542
다사567532
다사543537
다사541539
다사531556
다사571525
다사542572
다사562538
다사536574
다사542544
다사527555
다사531536
다사536567
다사534544
다사552526
다사530527
다사529535
다사560534
다사526552
다사532529
다사568529
다사574532
다사527553
다사528537
다사572530
다사541538
다사571533
다사538573
다사531560
다사519564
다사529566
다사547528
다사537559
다사530571
다사530566
다사531566
다사519565
다사545530
다사556546
다사569524
다사558548
다사532532
다사537577
다사567531
다사543523
다사577530
다사570529
다사559527
다사519575
다사550526
다사531565
다사533569
다사554524
다사572525
다사523529
다사521571
다사520567
다사574525
다사570533
다사560528
다사548526
다사533533
다사560524
다사532538
다사533570
다사559547
다사553544
다사555527
다사535535
다사538572
다사529551
다사558533
다사540538
다사558545
다사547525
다사562534
다사528572
다사576528
다사526549
다사529568
다사541543
다사558531
다사530538
다사525548
다사541527
다사570531
다사543543
다사530530
다사543532
다사519572
다사538574
다사534527
다사562535
다사522529
다사565526
다사549524
다사524531
다사530555
다사521572
다사523554
다사578528
다사560543
다사531535
다사545532
다사574533
다사544538
다사532569
다사556527
다사552544
다사526559
다사525547
다사553547
다사568527
다사533530
다사548522
다사561524
다사533535
다사533539
다사523546
다사542533
다사574526
다사551547
다사519532
다사518574
다사541540
다사547538
다사535566
다사550532
다사569525
다사523550
다사558527
다사550531
다사528550
다사530534
다사563534
다사555547
다사530539
다사571527
다사525566
다사567530
다사573536
다사554523
다사524530
다사523555
다사569530
다사525550
다사551523
다사545531
다사570532
다사532522
다사530567
다사526528
다사542529
다사558528
다사529552
다사531529
다사522559
다사566534
다사526527
다사545536
다사562526
다사550530
다사525569
다사571536
다사538570
다사526546
다사540532
다사530564
다사524549
다사526558
다사572534
다사529553
다사522564
다사548536
다사526568
다사540540
다사550523
다사522528
다사523565
다사537572
다사530572
다사569532
다사549538
다사576530
다사527537
다사552546
다사535524
다사522555
다사521558
다사555538
다사531542
다사549535
다사525575
다사517565
다사549545
다사525585
다사516565
다사539547
다사548532
다사546573
다사545568
다사533551
다사573523
다사553525
다사567523
다사539533
다사555548
다사534589
다사517586
다사527589
다사524578
다사537563
다사526576
다사534557
다사530576
다사551530
다사513584
다사531585
다사540588
다사531590
다사528574
다사536584
다사534581
다사542570
다사534546
다사545549
다사551533
다사538538
다사538536
다사535552
다사546563
다사552536
다사536552
다사521554
다사521575
다사544550
다사539531
다사541563
다사550543
다사522542
다사540537
다사567535
다사534553
다사545573
다사518569
다사537580
다사520584
다사551542
다사538525
다사537560
다사531589
다사520542
다사529590
다사526585
다사550545
다사530586
다사528524
다사518583
다사528580
다사514577
다사528531
다사522584
다사559548
다사529520
다사538577
다사533587
다사541559
다사561542
다사525533
다사537561
다사540536
다사526584
다사544551
다사533586
다사516586
다사526541
다사539527
다사552534
다사521589
다사550534
다사529583
다사537547
다사535590
다사521557
다사540562
다사531577
다사539538
다사525580
다사536548
다사541582
다사535540
다사545562
다사560548
다사534583
다사533552
다사540584
다사575533
다사534524
다사527545
다사517587
다사535536
다사543573
다사534545
다사539541
다사515567
다사543577
다사555524
다사536556
다사544570
다사515584
다사520585
다사525576
다사516581
다사517581
다사533557
다사529589
다사515583
다사537592
다사553529
다사537527
다사523532
다사533581
다사539584
다사532558
다사536592
다사517570
다사519588
다사518562
다사532587
다사562541
다사546562
다사524537
다사522574
다사534522
다사527561
다사535544
다사536561
다사514579
다사526572
다사531592
다사538558
다사522537
다사535557
다사559535
다사551541
다사531574
다사545575
다사528575
다사527579
다사539563
다사514585
다사543571
다사535593
다사540553
다사545566
다사543559
다사549543
다사529559
다사533540
다사533585
다사538583
다사548545
다사526575
다사535560
다사524551
다사542579
다사545551
다사531576
다사523584
다사545569
다사521581
다사555536
다사528547
다사540546
다사518584
다사525581
다사534584
다사563523
다사572523
다사514584
다사535567
다사529530
다사534576
다사546531
다사530581
다사533576
다사579527
다사521576
다사547546
다사534551
다사540549
다사521541
다사539577
다사527542
다사523569
다사538531
다사528533
다사532524
다사551538
다사546565
다사561539
다사527591
다사546568
다사542582
다사531591
다사528519
다사537545
다사535587
다사544564
다사529584
다사518585
다사530556
다사540566
다사537552
다사528581
다사535541
다사516571
다사538526
다사522577
다사518556
다사537531
다사544574
다사563542
다사527557
다사562542
다사544549
다사536591
다사536587
다사529580
다사516564
다사543525
다사522550
다사522544
다사568523
다사536531
다사552539
다사539559
다사529577
다사534591
다사533588
다사542563
다사528559
다사529578
다사516580
다사521542
다사522527
다사543569
다사530523
다사525523
다사524580
다사564537
다사533589
다사525582
다사524536
다사535559
다사530582
다사531558
다사535563
다사538581
다사518565
다사549541
다사526560
다사538557
다사517583
다사523575
다사518577
다사516570
다사538527
다사540578
다사516587
다사565537
다사527544
다사531586
다사524542
다사523590
다사526540
다사528591
다사547548
다사533580
다사532582
다사541587
다사553538
다사544566
다사536546
다사529574
다사522552
다사540585
다사565536
다사539554
다사543564
다사529588
다사518581
다사538530
다사539540
다사555537
다사517534
다사529579
다사518578
다사517579
다사538534
다사537541
다사525537
다사550542
다사521586
다사536549
다사537578
다사535588
다사543570
다사552537
다사529549
다사530580
다사539537
다사534549
다사517560
다사519581
다사515581
다사530524
다사541569
다사550535
다사543567
다사529522
다사523544
다사534556
다사516572
다사544571
다사548544
다사552531
다사554535
다사560532
다사540534
다사520571
다사536554
다사535589
다사521536
다사554533
다사554527
다사540581
다사533546
다사543551
다사560541
다사540568
다사546574
다사551543
다사523579
다사536540
다사534548
다사520589
다사519530
다사539581
다사537532
다사553537
다사538548
다사515579
다사535585
다사522589
다사537584
다사560535
다사517559
다사544542
다사545565
다사533592
다사556532
다사521579
다사519534
다사521551
다사541523
다사550546
다사519578
다사522578
다사544567
다사529531
다사546548
다사524543
다사530549
다사540528
다사554532
다사570537
다사525535
다사537525
다사541552
다사536583
다사530525
다사531549
다사532548
다사542548
다사538523
다사539585
다사538524
다사539564
다사541570
다사536551
다사539560
다사540586
다사525584
다사520576
다사533578
다사532590
다사517561
다사547542
다사535550
다사543544
다사527546
다사535562
다사541568
다사525546
다사566535
다사564523
다사537583
다사515576
다사524570
다사543563
다사553527
다사579532
다사523540
다사550548
다사538560
다사540524
다사521550
다사540577
다사550541
다사520555
다사522586
다사535538
다사538537
다사534579
다사546544
다사526581
다사539549
다사544569
다사554531
다사520581
다사520577
다사521588
다사537538
다사538539
다사535561
다사534563
다사532551
다사543562
다사561534
다사521544
다사524569
다사516566
다사532575
다사521549
다사558535
다사528586
다사554536
다사539546
다사539534
다사537526
다사543565
다사529524
다사535558
다사529560
다사536578
다사519533
다사528553
다사514575
다사539565
다사530577
다사524524
다사529591
다사544578
다사557549
다사538587
다사551537
다사521580
다사532583
다사563541
다사527586
다사541531
다사532586
다사526522
다사536537
다사520535
다사530574
다사523537
다사534529
다사547541
다사540565
다사550538
다사533524
다사532588
다사521546
다사543579
다사537548
다사546547
다사517569
다사531588
다사522546
다사538528
다사541547
다사523553
다사533577
다사523570
다사527581
다사536555
다사523536
다사533582
다사536553
다사539588
다사525540
다사518587
다사539578
다사518561
다사539587
다사542547
다사538550
다사538532
다사524568
다사520544
다사530557
다사526589
다사519587
다사518579
다사525543
다사536545
다사542583
다사547544
다사522547
다사533523
다사531581
다사574524
다사537555
다사550537
다사518588
다사536558
다사541571
다사538556
다사541560
다사514576
다사538552
다사530540
다사529556
다사553528
다사534577
다사529557
다사514580
다사539586
다사549533
다사523543
다사519584
다사553539
다사540547
다사532584
다사562543
다사527584
다사519561
다사540582
다사538569
다사528576
다사550539
다사534554
다사526586
다사522571
다사551534
다사538579
다사561533
다사527540
다사544577
다사523580
다사540552
다사515572
다사521587
다사543546
다사538547
다사526578
다사556525
다사521582
다사523588
다사543524
다사559526
다사519560
다사542550
다사537587
다사543576
다사524585
다사541564
다사517533
다사523577
다사518532
다사544565
다사527520
다사548547
다사536547
다사536529
다사546542
다사554534
다사528582
다사552540
다사550544
다사514586
다사532557
다사543574
다사522545
다사525586
다사534539
다사545543
다사544581
다사524541
다사537589
다사535539
다사544573
다사553536
다사560531
다사541534
다사543582
다사537562
다사533561
다사522534
다사525588
다사521577
다사523568
다사535547
다사539582
다사553533
다사544575
다사535591
다사524540
다사535546
다사549534
다사525541
다사544560
다사538586
다사537533
다사536579
다사542559
다사517566
다사532579
다사522536
다사533549
다사533583
다사545571
다사554522
다사527574
다사541561
다사536526
다사517563
다사528545
다사526532
다사534560
다사546566
다사535577
다사543568
다사542552
다사536586
다사526534
다사521555
다사524583
다사515586
다사534523
다사525571
다사544561
다사531580
다사531563
다사536530
다사526577
다사538540
다사549546
다사531579
다사532563
다사536581
다사516569
다사552529
다사539561
다사533545
다사516574
다사576525
다사530575
다사575524
다사542524
다사566524
다사540564
다사557535
다사546569
다사517577
다사534585
다사542575
다사542549
다사554538
다사519582
다사517556
다사541528
다사536543
다사524589
다사527580
다사521584
다사555533
다사557534
다사523587
다사558534
다사562544
다사527533
다사520545
다사544562
다사539532
다사544545
다사532577
다사556533
다사538585
다사545547
다사518531
다사535549
다사546570
다사546551
다사531554
다사517584
다사521534
다사515575
다사532543
다사513582
다사536532
다사547531
다사545564
다사544548
다사543561
다사547562
다사527576
다사533563
다사534547
다사543545
다사543578
다사553531
다사516579
다사530526
다사543535
다사530583
다사534593
다사541565
다사540535
다사531583
다사516559
다사519585
다사537546
다사528588
다사538541
다사537554
다사521548
다사547532
다사521585
다사519580
다사529581
다사531587
다사542561
다사553535
다사551540
다사540550
다사545563
다사561523
다사573537
다사527543
다사536560
다사552530
다사533550
다사524535
다사530589
다사540558
다사514570
다사526542
다사528520
다사530590
다사544547
다사550547
다사531525
다사525587
다사536527
다사547543
다사537588
다사523526
다사540560
다사539576
다사538529
다사520578
다사529586
다사536585
다사525589
다사579529
다사524588
다사531523
다사539523
다사541583
다사547567
다사527588
다사532545
다사525590
다사519535
다사518580
다사526580
다사523581
다사531578
다사515580
다사530578
다사519577
다사521590
다사537579
다사533590
다사539583
다사557548
다사524579
다사542573
다사515582
다사536542
다사535592
다사546546
다사548543
다사536563
다사538588
다사532550
다사516558
다사537581
다사521545
다사535579
다사529576
다사537565
다사546572
다사565534
다사520582
다사579530
다사524572
다사518534
다사525542
다사572537
다사542581
다사527558
다사539589
다사548542
다사522538
다사520529
다사525572
다사520580
다사531548
다사543560
다사544580
다사522587
다사526539
다사554548
다사540563
다사521537
다사531584
다사540587
다사532559
다사534552
다사527575
다사523542
다사534582
다사541553
다사536588
다사541576
다사536533
다사532581
다사540579
다사539550
다사533558
다사538551
다사521540
다사536550
다사521574
다사528590
다사524577
다사535578
다사525583
다사518533
다사545545
다사524538
다사535580
다사544543
다사538553
다사543572
다사534564
다사531561
다사523585
다사538562
다사547549
다사537556
다사533584
다사534530
다사541549
다사539579
다사546561
다사537523
다사543552
다사522540
다사530584
다사537530
다사520575
다사534561
다사542580
다사555531
다사549542
다사527583
다사517582
다사542531
다사543522
다사543580
다사539526
다사541562
다사537542
다사527590
다사525534
다사540551
다사534558
다사531545
다사529519
다사544546
다사528557
다사540561
다사557532
다사538533
다사550536
다사545548
다사539548
다사557547
다사534580
다사543547
다사528556
다사537550
다사522569
다사555532
다사539536
다사535582
다사543550
다사536562
다사528543
다사541586
다사535584
다사553534
다사561541
다사533553
다사564541
다사528583
다사522554
다사517585
다사522580
다사552538
다사516568
다사528560
다사523538
다사522541
다사524533
다사542569
다사560526
다사534575
다사532592
다사539542
다사542567
다사550533
다사533562
다사532580
다사523589
다사536589
다사537557
다사526531
다사529582
다사542568
다사532544
다사536582
다사534562
다사560547
다사534543
다사532560
다사544568
다사541584
다사543583
다사538578
다사535581
다사555535
다사534588
다사524575
다사520586
다사525536
다사517575
다사533591
다사523535
다사531524
다사536559
다사541577
다사537586
다사539529
다사556526
다사528579
다사519576
다사541530
다사536590
다사526533
다사515587
다사520579
다사552528
다사530585
다사526590
다사515566
다사546545
다사546567
다사552533
다사545550
다사554525
다사542562
다사546543
다사550540
다사532591
다사522575
다사561532
다사551535
다사542546
다사551548
다사565535
다사548546
다사515585
다사532549
다사540583
다사545561
다사515568
다사544544
다사564542
다사526579
다사538549
다사561536
다사516585
다사537551
다사518586
다사528544
다사560538
다사579526
다사539552
다사523578
다사546571
다사524582
다사532523
다사520570
다사546550
다사541588
다사524581
다사528578
다사536541
다사566536
다사523582
다사539528
다사564540
다사537529
다사543581
다사519579
다사515570
다사570523
다사521539
다사534590
다사579528
다사516582
다사541566
다사535548
다사542565
다사524534
다사517574
다사534555
다사538546
다사533548
다사522588
다사542564
다사526573
다사524584
다사520583
다사527578
다사538563
다사543536
다사516567
다사537549
다사532547
다사541579
다사569523
다사554526
다사521578
다사535583
다사521583
다사543566
다사544563
다사537558
다사541550
다사551539
다사536534
다사547533
다사532589
다사539553
다사541578
다사526588
다사526587
다사537543
다사537528
다사520587
다사533544
다사534587
다사533559
다사515573
다사526543
다사523539
다사527532
다사521553
다사538564
다사527541
다사539545
다사521543
다사536565
다사538535
다사522553
다사526583
다사537582
다사552541
다사557522
다사536580
다사529587
다사540523
다사549540
다사519586
다사542577
다사522576
다사537537
다사536535
다사518582
다사541567
다사540527
다사552532
다사535586
다사530550
다사514581
다사542571
다사522539
다사537553
다사538580
다사538545
다사523531
다사513585
다사531522
다사537585
다사535537
다사536538
다사541548
다사541551
다사549544
다사521547
다사545567
다사528577
다사545546
다사538559
다사539524
다사541546
다사531582
다사542560
다사515571
다사524552
다사545574
다사525539
다사527531
다사548541
다사516584
다사528589
다사537540
다사542576
다사514569
다사539551
다사541580
다사522583
다사534578
다사541589
다사513583
다사539539
다사553548
다사526574
다사551536
다사516583
다사526582
다사545570
다사559532
다사554537
다사514578
다사539558
다사543548
다사546549
다사538589
다사539557
다사540589
다사542566
다사528584
다사533579
다사538582
다사536564
다사532553
다사537539
다사542551
다사571523
다사542578
다사528587
다사553530
다사538542
다사532578
다사532561
다사516576
다사515569
다사522590
다사523541
다사543530
다사547540
다사544576
다사547547
다사525577
다사530588
다사537564
다사531562
다사525573
다사540548
다사523586
다사523571
다사532576
다사548548
다사541585
다사537536
다사540580
다사531575
다사528558
다사530579
다사542525
다사518560
다사525578
다사534568
다사529558
다사545544
다사577525
다사534586
다사515574
다사515578
다사549532
다사523525
다사547545
다사527587
다사524571
다사553532
다사527582
다사541581
다사523576
다사535551
다사522582
다사537544
다사538555
다사527585
다사520543
다사536593
다사536528
다사517562
다사536577
다사529585
다사522535
다사522543
다사535543
다사571537
다사532562
다사534559
다사538544
다사552548
다사519583
다사516577
다사524590
다사556548
다사543549
다사552535
다사533560
다사540541
다사517557
다사529575
다사566523
다사548540
다사537534
다사539580
다사523583
다사540559
다사542545
다사539543
다사537535
다사535576
다사526544
다사516560
다사525538
다사540576
다사551544
다사538584
다사547530
다사532585
다사538554
다사524576
다사521535
다사557533
다사535553
다사539535
다사514583
다사532554
다사539544
다사514582
다사547566
다사538561
다사542574
다사516575
다사530591
다사536557
다사534550
다사530521
다사521528
다사533547
다사530558
다사520533
다사531564
다사544526
다사529525
다사529544
다사514571
다사522585
다사524586
다사536539
다사528525
다사555534
다사543575
다사522581
다사521538
다사554528
다사542584
다사520534
다사522551
다사524539
다사535556
다사522579
다사533543
다사523551
다사539562
다사544572
다사514567
다사518570
다사535545
다사515577
다사565523
다사536544
다사527577
다사539566
다사553526
다사530520
다사538543
다사556522
다사516578
다사536536
다사545542
다사525579
다사533575
다사528585
다사514568
다사535564
다사542585
다사530587
다사546564
다사540542
다사520588
다사495593
다사491564
다사491571
다사510605
다사491584
다사506597
다사484548
다사498566
다사485553
다사488583
다사485567
다사488540
다사500579
다사476563
다사487579
다사493557
다사487586
다사483568
다사505609
다사498571
다사479544
다사475557
다사497595
다사495606
다사490595
다사475550
다사488543
다사464539
다사470538
다사483563
다사486547
다사481575
다사488553
다사493572
다사473535
다사487588
다사490587
다사491587
다사486602
다사484559
다사502571
다사492562
다사495571
다사480557
다사480581
다사489565
다사477566
다사475556
다사503602
다사497597
다사484589
다사480588
다사491569
다사485548
다사480562
다사510614
다사502613
다사495585
다사497605
다사515618
다사473577
다사485589
다사501582
다사492552
다사489544
다사480573
다사479564
다사506571
다사478544
다사499571
다사485587
다사491593
다사495583
다사470543
다사489555
다사483553
다사489557
다사462539
다사478564
다사506605
다사477568
다사500598
다사476543
다사497567
다사493606
다사501597
다사500580
다사487600
다사504613
다사502598
다사492569
다사499590
다사493576
다사494597
다사481580
다사485582
다사462541
다사474547
다사486588
다사478563
다사491588
다사498555
다사489572
다사484549
다사462540
다사493562
다사492558
다사501571
다사504568
다사513618
다사475572
다사493559
다사495566
다사498564
다사474541
다사496567
다사492568
다사477547
다사478555
다사485569
다사488554
다사476545
다사497611
다사492564
다사493579
다사486605
다사491553
다사489593
다사488578
다사500596
다사476554
다사474553
다사492582
다사483562
다사498599
다사479554
다사514618
다사494565
다사470542
다사486548
다사498575
다사485590
다사502583
다사500590
다사480546
다사484579
다사490577
다사473554
다사489587
다사492593
다사482581
다사485572
다사501595
다사475541
다사479568
다사489561
다사490582
다사480551
다사484571
다사492544
다사496587
다사475560
다사479553
다사484570
다사485568
다사490568
다사489585
다사493561
다사488582
다사494608
다사485605
다사483569
다사486568
다사478540
다사490606
다사497571
다사474552
다사481578
다사482570
다사493607
다사501561
다사503611
다사479609
다사482573
다사503597
다사495607
다사485585
다사486560
다사491586
다사495564
다사497554
다사479560
다사488558
다사482583
다사483556
다사489559
다사502587
다사490555
다사490558
다사504556
다사499604
다사476547
다사486572
다사476552
다사497566
다사505599
다사480556
다사492559
다사478567
다사488594
다사480554
다사487572
다사489581
다사473548
다사484569
다사499560
다사502599
다사482589
다사500562
다사479569
다사490570
다사494566
다사495597
다사484602
다사486587
다사487603
다사500577
다사484565
다사500570
다사507571
다사487569
다사473534
다사474573
다사496606
다사492579
다사496574
다사499556
다사480555
다사480586
다사484574
다사489540
다사500582
다사487553
다사482582
다사499599
다사481549
다사488605
다사493569
다사494586
다사496571
다사494563
다사477539
다사487556
다사506570
다사467537
다사483554
다사504601
다사481559
다사496605
다사504557
다사469534
다사489592
다사480571
다사477559
다사487587
다사487571
다사489604
다사457545
다사499554
다사482565
다사499606
다사477552
다사480580
다사512577
다사488603
다사495586
다사482577
다사482576
다사475577
다사481585
다사490579
다사482585
다사484552
다사489566
다사491573
다사505617
다사486559
다사490580
다사501578
다사461541
다사493556
다사493596
다사482564
다사499570
다사484586
다사487584
다사481563
다사498568
다사481570
다사489582
다사494561
다사485575
다사502589
다사487606
다사477556
다사498581
다사492574
다사509616
다사485573
다사488564
다사491543
다사478543
다사495555
다사493594
다사486582
다사498612
다사474576
다사503562
다사479576
다사479577
다사482584
다사499555
다사479543
다사473538
다사497610
다사485552
다사498577
다사486553
다사504569
다사476549
다사477573
다사490571
다사474558
다사487602
다사494570
다사493567
다사493564
다사507613
다사496595
다사497575
다사482578
다사482599
다사493584
다사481555
다사487570
다사470541
다사473576
다사500581
다사486552
다사495599
다사484590
다사463541
다사485601
다사488544
다사498604
다사481558
다사499579
다사478546
다사507616
다사494585
다사483542
다사505566
다사477575
다사501581
다사512622
다사477562
다사484587
다사478561
다사491574
다사497569
다사486585
다사492584
다사487548
다사490561
다사493563
다사490588
다사481584
다사480561
다사510569
다사490556
다사499583
다사507602
다사476572
다사488576
다사486563
다사490557
다사491563
다사508615
다사488604
다사496581
다사500578
다사505610
다사475551
다사480559
다사487562
다사482575
다사496582
다사506599
다사480543
다사485570
다사483590
다사485604
다사496594
다사472548
다사480570
다사503563
다사506619
다사488580
다사489571
다사514619
다사477545
다사482566
다사491582
다사461543
다사476539
다사483586
다사489588
다사491570
다사497560
다사499564
다사488539
다사457547
다사481561
다사490551
다사502559
다사487597
다사503613
다사496612
다사505616
다사475576
다사482571
다사488566
다사497556
다사511618
다사477567
다사480564
다사501570
다사501602
다사495559
다사496572
다사495592
다사501598
다사483579
다사501573
다사489567
다사477543
다사481560
다사486577
다사488593
다사507620
다사490560
다사494574
다사504599
다사480569
다사487557
다사492560
다사477577
다사486545
다사492543
다사495569
다사482558
다사502578
다사504567
다사482586
다사483550
다사502600
다사479566
다사482546
다사490593
다사493608
다사496588
다사498591
다사499573
다사500572
다사496573
다사485540
다사475539
다사476571
다사485563
다사488606
다사499595
다사472533
다사507603
다사485603
다사487551
다사502563
다사477558
다사497584
다사474564
다사480552
다사482545
다사483551
다사491562
다사498574
다사487545
다사488575
다사487593
다사500573
다사463540
다사492588
다사493565
다사495576
다사502595
다사478573
다사494564
다사486546
다사490596
다사492545
다사496603
다사476559
다사481587
다사492566
다사501601
다사491597
다사479563
다사499569
다사502570
다사489568
다사491556
다사471534
다사495598
다사475536
다사490592
다사484541
다사474572
다사482554
다사490565
다사493585
다사495565
다사491567
다사487605
다사478575
다사505615
다사487563
다사490549
다사500563
다사481545
다사519614
다사476576
다사498584
다사486603
다사490564
다사492575
다사495581
다사499557
다사505600
다사484577
다사487581
다사476553
다사492592
다사493597
다사476541
다사488555
다사499596
다사487576
다사487607
다사489574
다사478577
다사487573
다사487582
다사481557
다사494583
다사505565
다사492550
다사494567
다사496568
다사486566
다사485577
다사491559
다사482567
다사504570
다사483545
다사492548
다사475562
다사494593
다사501563
다사482588
다사483573
다사489586
다사503572
다사506616
다사474554
다사481586
다사495558
다사500585
다사482569
다사471549
다사483548
다사484585
다사494578
다사485565
다사476573
다사504615
다사471542
다사485602
다사492587
다사475554
다사485558
다사478574
다사494584
다사495580
다사505619
다사484547
다사494571
다사496608
다사487564
다사481548
다사482559
다사477555
다사473546
다사479556
다사501572
다사488547
다사471536
다사489584
다사490548
다사491568
다사488560
다사477574
다사491607
다사468540
다사491565
다사492580
다사483589
다사502560
다사482563
다사484553
다사489580
다사493580
다사497559
다사486544
다사489547
다사488584
다사478550
다사512621
다사487542
다사495591
다사492563
다사475563
다사500587
다사458544
다사481567
다사492557
다사493554
다사509613
다사493578
다사495603
다사501588
다사480547
다사490584
다사500599
다사511620
다사481552
다사502561
다사477560
다사484540
다사477557
다사482553
다사478552
다사483580
다사480578
다사490583
다사493560
다사497573
다사499612
다사492553
다사493568
다사495573
다사471544
다사496583
다사477540
다사493558
다사500574
다사493571
다사488585
다사509605
다사487549
다사474535
다사487544
다사497568
다사507569
다사500601
다사503600
다사479561
다사487539
다사490552
다사490603
다사495557
다사493566
다사493595
다사491603
다사495568
다사478553
다사483574
다사495577
다사500575
다사503557
다사498585
다사505571
다사469540
다사476538
다사492565
다사492597
다사502557
다사499578
다사500588
다사481556
다사478547
다사489578
다사495608
다사475555
다사491555
다사497587
다사485546
다사485581
다사487578
다사498586
다사476575
다사483575
다사503571
다사475559
다사484564
다사489596
다사480541
다사481569
다사486557
다사480558
다사500571
다사493552
다사498565
다사506608
다사486604
다사499581
다사500594
다사481547
다사486556
다사503559
다사483566
다사484563
다사478541
다사494557
다사495584
다사472550
다사485607
다사486565
다사494569
다사478570
다사500583
다사475570
다사498558
다사490546
다사477572
다사491596
다사480553
다사484582
다사493582
다사498597
다사487546
다사491577
다사462542
다사484605
다사482551
다사498605
다사486564
다사497577
다사476540
다사476574
다사491550
다사489583
다사470534
다사488581
다사460543
다사494607
다사483582
다사489553
다사478545
다사492546
다사493583
다사494555
다사500576
다사480582
다사506614
다사491561
다사501560
다사479557
다사481581
다사492554
다사499562
다사474538
다사500597
다사475575
다사491578
다사480583
다사495610
다사498580
다사469542
다사478554
다사493586
다사481553
다사499576
다사477548
다사495594
다사496611
다사477564
다사506620
다사493573
다사479582
다사489543
다사492583
다사486573
다사490586
다사491583
다사493551
다사478559
다사480572
다사480542
다사489550
다사503558
다사479565
다사496609
다사501600
다사510621
다사474563
다사503599
다사481573
다사499598
다사478566
다사497574
다사464540
다사487558
다사502558
다사492556
다사489577
다사503556
다사488588
다사491581
다사476568
다사497572
다사485597
다사479567
다사483552
다사492570
다사476562
다사486549
다사479571
다사488562
다사516604
다사480574
다사481565
다사488545
다사489552
다사492561
다사496604
다사507570
다사487543
다사486576
다사490550
다사479578
다사492581
다사504611
다사484561
다사486574
다사488551
다사481550
다사489539
다사492555
다사502597
다사505601
다사469539
다사505572
다사485559
다사492578
다사489551
다사488541
다사489605
다사491560
다사480587
다사499589
다사501599
다사488577
다사478562
다사498606
다사475573
다사476577
다사485583
다사488563
다사512620
다사481544
다사500559
다사486583
다사456547
다사477563
다사496569
다사497579
다사489579
다사490545
다사494580
다사494568
다사502588
다사483577
다사491606
다사492571
다사490573
다사478576
다사481571
다사481583
다사489569
다사492607
다사476548
다사490543
다사465539
다사481577
다사482557
다사466538
다사499574
다사470544
다사474577
다사491579
다사488591
다사481551
다사502581
다사479551
다사485571
다사484580
다사488549
다사477565
다사475547
다사487567
다사491605
다사474539
다사484568
다사484583
다사490604
다사497609
다사474543
다사498560
다사511612
다사483543
다사487604
다사498582
다사499559
다사490542
다사494554
다사469535
다사490559
다사505606
다사498563
다사475538
다사498590
다사485578
다사490581
다사508620
다사456546
다사487568
다사487585
다사496563
다사498562
다사477550
다사490605
다사496585
다사501594
다사480595
다사485598
다사487583
다사502566
다사488586
다사487561
다사497604
다사496570
다사476560
다사475552
다사480568
다사486579
다사482572
다사485542
다사473553
다사477571
다사484560
다사488542
다사506604
다사510620
다사474575
다사487575
다사486606
다사488572
다사495561
다사482544
다사477551
다사483585
다사484543
다사511599
다사493550
다사488579
다사510571
다사497596
다사479575
다사483561
다사496592
다사498554
다사479583
다사474549
다사491549
다사498561
다사476556
다사502577
다사484562
다사498573
다사499582
다사479608
다사485560
다사493549
다사485545
다사486543
다사478571
다사485557
다사488602
다사491547
다사485580
다사464538
다사505603
다사486561
다사480545
다사483560
다사485554
다사487554
다사505569
다사486551
다사475548
다사499572
다사479546
다사479559
다사489603
다사496562
다사497563
다사477561
다사483565
다사491585
다사476564
다사488559
다사494579
다사472549
다사474557
다사479570
다사479555
다사497564
다사482547
다사497561
다사476555
다사484584
다사508605
다사475553
다사495601
다사508599
다사485547
다사505604
다사506606
다사478560
다사489549
다사495574
다사507619
다사475535
다사481576
다사491566
다사490544
다사482548
다사485550
다사484606
다사491551
다사489548
다사488569
다사493555
다사506603
다사482552
다사499605
다사502582
다사491552
다사476550
다사494558
다사504603
다사491595
다사494588
다사488568
다사488592
다사503569
다사481572
다사498559
다사505605
다사469538
다사487595
다사509615
다사483549
다사500586
다사487601
다사478539
다사486539
다사497558
다사503616
다사507614
다사486541
다사496564
다사461542
다사476561
다사479545
다사492608
다사495587
다사496596
다사479547
다사487550
다사477546
다사476537
다사490572
다사494577
다사459543
다사493577
다사494610
다사503561
다사484539
다사484555
다사490585
다사489562
다사496599
다사478558
다사495575
다사497578
다사515617
다사493581
다사498598
다사476551
다사499580
다사459544
다사489576
다사499558
다사498579
다사496586
다사478557
다사504600
다사475537
다사495563
다사476557
다사498570
다사488601
다사487560
다사494560
다사491576
다사491608
다사474540
다사486596
다사490594
다사489560
다사496566
다사480566
다사497555
다사494594
다사481546
다사463539
다사484567
다사505567
다사473558
다사487541
다사489595
다사501562
다사479558
다사503587
다사490576
다사486558
다사489564
다사497592
다사485561
다사475543
다사458545
다사486575
다사491557
다사496558
다사483570
다사503555
다사477541
다사493593
다사477578
다사492595
다사482549
다사502564
다사505618
다사468536
다사489556
다사480567
다사485586
다사491580
다사484581
다사502611
다사488570
다사494596
다사482580
다사484576
다사477554
다사477576
다사483571
다사502565
다사485539
다사503612
다사480577
다사494581
다사485543
다사493574
다사485566
다사474536
다사495582
다사496556
다사485576
다사492549
다사488607
다사490567
다사498569
다사501557
다사481599
다사491554
다사476558
다사482555
다사460542
다사500589
다사486594
다사460544
다사491546
다사486586
다사494606
다사507605
다사489575
다사513619
다사497585
다사480575
다사511604
다사491545
다사492585
다사475569
다사484544
다사489563
다사489554
다사480565
다사494556
다사457546
다사476567
다사479562
다사485574
다사480576
다사481582
다사490553
다사497562
다사498592
다사472534
다사494559
다사485588
다사486578
다사484546
다사483546
다사496584
다사485555
다사486570
다사494609
다사486562
다사476542
다사495556
다사469541
다사499597
다사500565
다사505570
다사472537
다사504604
다사486569
다사487592
다사501576
다사491548
다사500595
다사488574
다사490554
다사507606
다사470539
다사496610
다사486550
다사506596
다사487596
다사499565
다사484573
다사488590
다사494576
다사498576
다사503566
다사487594
다사502556
다사503570
다사482587
다사494595
다사496598
다사480585
다사483583
다사488552
다사469543
다사473547
다사483564
다사493587
다사466539
다사497557
다사480563
다사489558
다사489542
다사495578
다사500560
다사496559
다사486595
다사497591
다사477544
다사478565
다사482560
다사508616
다사488595
다사501589
다사482550
다사488556
다사497612
다사486542
다사498567
다사482574
다사488567
다사513620
다사474560
다사481564
다사475546
다사490574
다사501564
다사502555
다사486581
다사484556
다사494592
다사497565
다사488548
다사492572
다사487559
다사494582
다사484575
다사474559
다사498611
다사483578
다사495572
다사475558
다사479573
다사501577
다사488565
다사475578
다사496561
다사491544
다사478551
다사478578
다사473549
다사475561
다사488550
다사474546
다사485556
다사483567
다사494573
다사502562
다사482579
다사486584
다사500561
다사499577
다사489546
다사492596
다사503560
다사501565
다사490562
다사495562
다사483587
다사492547
다사476566
다사477553
다사497576
다사483557
다사484550
다사500569
다사491572
다사484566
다사482556
다사479574
다사487555
다사485549
다사497582
다사491575
다사492586
다사478556
다사483572
다사481566
다사482568
다사498587
다사483558
다사498578
다사484558
다사476578
다사484545
다사490547
다사475549
다사486540
다사494575
다사457548
다사465538
다사498556
다사475540
다사485544
다사497570
다사487574
다사492577
다사489607
다사486567
다사495579
다사504616
다사481574
다사485596
다사492594
다사496565
다사510613
다사472547
다사484578
다사492573
다사487566
다사494587
다사493575
다사498572
다사509614
다사489545
다사483547
다사488587
다사489591
다사497586
다사487547
다사495596
다사467538
다사471533
다사482562
다사489606
다사484554
다사488571
다사474548
다사491594
다사496557
다사475542
다사487552
다사491558
다사495567
다사497583
다사466537
다사492576
다사477542
다사504571
다사477538
다사485584
다사474578
다사506602
다사480548
다사483555
다사487580
다사490575
다사483576
다사485579
다사486580
다사489573
다사484542
다사471543
다사498557
다사474537
다사484572
다사485562
다사461544
다사487577
다사510604
다사484588
다사495570
다사488597
다사503615
다사479572
다사482561
다사505568
다사468539
다사478548
다사478572
다사506601
다사495609
다사489570
다사483584
다사473537
다사481562
다사504602
다사495595
다사484557
다사505602
다사495611
다사499561
다사488546
다사480544
다사482590
다사475571
다사479552
다사485564
다사490607
다사475564
다사484551
다사498603
다사478542
다사473575
다사486597
다사485606
다사486571
다사481554
다사485541
다사485551
다사483544
다사481568
다사501579
다사486554
다사490566
다사480560
다사483588
다사495588
다사481543
다사482543
다사487565
다사506598
다사495560
다사499563
다사483559
다사479542
다사492567
다사488573
다사506568
다사483581
다사487540
다사479541
다사488561
다사479579
다사488557
다사499575
다사480579
다사486601
다사505608
다사509571
다사513614
다사482592
다사473564
다사515616
다사506591
다사507580
다사506578
다사495550
다사507595
다사513610
다사511570
다사511602
다사500558
다사477570
다사464544
다사494603
다사504560
다사497598
다사506580
다사510607
다사525595
다사499585
다사510578
다사474571
다사477584
다사495554
다사468534
다사499568
다사513584
다사473544
다사472539
다사475565
다사494599
다사519592
다사481596
다사476592
다사520603
다사510568
다사481600
다사493598
다사515612
다사475544
다사478609
다사505590
다사482607
다사492601
다사475579
다사521596
다사513599
다사455549
다사493605
다사508613
다사516601
다사509622
다사502612
다사519600
다사503601
다사498609
다사499603
다사487590
다사509568
다사498601
다사498589
다사491600
다사495551
다사483599
다사470547
다사511581
다사497600
다사500612
다사522600
다사479587
다사509576
다사513591
다사508603
다사478582
다사506618
다사508577
다사523593
다사521599
다사504619
다사510567
다사521591
다사518606
다사494549
다사511577
다사517610
다사471553
다사514577
다사494600
다사501614
다사510575
다사492551
다사509621
다사502579
다사510616
다사509607
다사494590
다사461545
다사501592
다사502568
다사506576
다사508610
다사508596
다사488596
다사489599
다사469550
다사493603
다사521589
다사517607
다사506595
다사479585
다사517592
다사515613
다사477585
다사472568
다사477583
다사512573
다사506559
다사472569
다사472552
다사491589
다사519590
다사503596
다사513609
다사516606
다사515614
다사506613
다사483601
다사485592
다사510570
다사498593
다사518612
다사505578
다사520597
다사468546
다사484592
다사472546
다사492599
다사520599
다사504590
다사512608
다사508586
다사517587
다사503576
다사513573
다사481608
다사483592
다사510580
다사509586
다사505557
다사508574
다사490602
다사504579
다사511566
다사519601
다사516589
다사482604
다사496601
다사507597
다사519599
다사507621
다사500554
다사498613
다사511594
다사511588
다사500608
다사518615
다사491591
다사503609
다사509602
다사506573
다사466544
다사510590
다사507588
다사520593
다사499602
다사502591
다사505587
다사484597
다사519588
다사472540
다사507587
다사473536
다사508568
다사489594
다사514579
다사472564
다사511617
다사501586
다사513606
다사461540
다사512603
다사518593
다사481590
다사517599
다사476585
다사471559
다사496589
다사514585
다사519596
다사518607
다사483604
다사517600
다사493570
다사477582
다사503568
다사510591
다사484593
다사521597
다사469545
다사506594
다사482601
다사514614
다사519602
다사509589
다사480591
다사516588
다사503585
다사479607
다사472543
다사502596
다사502594
다사515600
다사513615
다사459541
다사478569
다사501596
다사496576
다사509596
다사473555
다사512616
다사524599
다사483597
다사474551
다사480601
다사478586
다사475566
다사503593
다사478596
다사500592
다사518602
다사503582
다사512566
다사514593
다사471555
다사519606
다사478583
다사522606
다사456548
다사518608
다사493544
다사497607
다사505591
다사501606
다사478595
다사513617
다사471568
다사473573
다사514590
다사488608
다사512614
다사486590
다사473551
다사520613
다사522591
다사471545
다사492603
다사481591
다사476593
다사510588
다사523602
다사495602
다사508606
다사480600
다사518592
다사478594
다사511615
다사520595
다사470537
다사504578
다사472544
다사482605
다사515596
다사454548
다사472556
다사480598
다사505584
다사501580
다사508604
다사516608
다사483600
다사512569
다사513622
다사510585
다사479593
다사489598
다사498607
다사507617
다사516616
다사515603
다사460545
다사509565
다사478580
다사507615
다사479589
다사468544
다사502590
다사489602
다사507604
다사504563
다사497594
다사507607
다사481603
다사502610
다사514595
다사506579
다사509591
다사506592
다사504607
다사507567
다사518601
다사504583
다사495600
다사468538
다사487608
다사518594
다사506565
다사521601
다사520612
다사507589
다사516591
다사502607
다사484603
다사519593
다사499584
다사479580
다사503580
다사509611
다사526596
다사505592
다사483598
다사511601
다사501555
다사502584
다사516587
다사517615
다사502609
다사514596
다사486607
다사517618
다사523590
다사467545
다사490600
다사497601
다사507612
다사496553
다사470558
다사505583
다사476611
다사499592
다사501608
다사480603
다사513589
다사506610
다사512580
다사520604
다사478591
다사518604
다사504582
다사503592
다사464542
다사504593
다사481604
다사504614
다사471531
다사467535
다사509588
다사471556
다사522598
다사519615
다사496591
다사477586
다사480590
다사510572
다사456545
다사509590
다사476580
다사502585
다사491602
다사500602
다사523595
다사494601
다사501584
다사521609
다사471537
다사469537
다사496578
다사472573
다사504592
다사522594
다사462545
다사521613
다사484596
다사512605
다사479549
다사501590
다사506584
다사506564
다사505558
다사485600
다사505574
다사510586
다사521604
다사496560
다사508597
다사523594
다사505582
다사455546
다사459551
다사517595
다사493599
다사497599
다사521594
다사520615
다사495553
다사507583
다사499608
다사522605
다사516615
다사512591
다사506561
다사456550
다사485599
다사502573
다사523605
다사493545
다사512611
다사486600
다사486589
다사496590
다사523591
다사506583
다사505575
다사493547
다사477580
다사479581
다사516612
다사497580
다사500556
다사486592
다사505579
다사460540
다사514594
다사501609
다사520589
다사514598
다사511608
다사496554
다사507596
다사520608
다사504572
다사504594
다사501574
다사505588
다사482593
다사509618
다사507575
다사494605
다사508598
다사504589
다사525596
다사509581
다사521612
다사473571
다사500604
다사483595
다사503575
다사470551
다사519616
다사499607
다사517598
다사511607
다사476565
다사481588
다사471551
다사506556
다사469533
다사504586
다사493600
다사514601
다사513595
다사512596
다사514613
다사508619
다사520610
다사493546
다사478610
다사519608
다사509620
다사491590
다사517613
다사490601
다사499588
다사494611
다사476584
다사481602
다사512619
다사481598
다사514602
다사512610
다사518600
다사514606
다사480592
다사510600
다사503607
다사514610
다사507585
다사503605
다사482591
다사510606
다사507609
다사519605
다사462538
다사513604
다사497589
다사504587
다사511582
다사508612
다사507599
다사523604
다사466535
다사481579
다사511622
다사508617
다사475581
다사483606
다사499601
다사508590
다사471565
다사507566
다사501567
다사520596
다사501587
다사510615
다사458543
다사470559
다사511595
다사510596
다사504554
다사519604
다사468543
다사507561
다사473545
다사512602
다사510597
다사497553
다사516593
다사493602
다사506615
다사479595
다사496552
다사469544
다사473561
다사511600
다사501556
다사512585
다사473563
다사475612
다사474542
다사493588
다사505585
다사507565
다사505560
다사502602
다사477591
다사501585
다사493609
다사508587
다사521611
다사518590
다사506555
다사504566
다사517608
다사517602
다사479599
다사501605
다사494551
다사514575
다사508579
다사494552
다사502575
다사508570
다사482594
다사471567
다사502608
다사470560
다사480604
다사509573
다사510609
다사514612
다사516607
다사511593
다사467540
다사511592
다사497588
다사479592
다사512600
다사503608
다사455545
다사508602
다사498608
다사468537
다사511603
다사509604
다사483607
다사463544
다사511606
다사501569
다사470569
다사488598
다사482602
다사507562
다사506612
다사516602
다사515608
다사509584
다사471547
다사511575
다사470535
다사487599
다사520614
다사518587
다사501591
다사471564
다사457549
다사518598
다사490589
다사481592
다사513616
다사472551
다사512578
다사484599
다사507579
다사472532
다사472541
다사480550
다사512623
다사493543
다사504565
다사517614
다사483541
다사515619
다사513592
다사470550
다사511619
다사504597
다사508601
다사470568
다사522608
다사522603
다사497590
다사512571
다사494545
다사505563
다사519610
다사508594
다사508581
다사474562
다사480597
다사504584
다사518588
다사484594
다사473565
다사480607
다사468541
다사503591
다사522604
다사472542
다사509579
다사504609
다사520590
다사514576
다사472545
다사471574
다사471548
다사486599
다사512570
다사495552
다사472565
다사509566
다사511614
다사466541
다사465536
다사506588
다사514580
다사508564
다사524601
다사510622
다사512593
다사513597
다사512575
다사518605
다사513607
다사474565
다사509610
다사510610
다사496550
다사469546
다사504555
다사511574
다사516611
다사515572
다사500568
다사505598
다사493601
다사504577
다사482595
다사489608
다사515615
다사523600
다사502601
다사515610
다사509572
다사508600
다사507592
다사495544
다사489589
다사457544
다사493590
다사503594
다사524595
다사490597
다사473557
다사471569
다사484591
다사500606
다사518596
다사515611
다사522597
다사479601
다사498610
다사493610
다사514586
다사511572
다사517601
다사479600
다사470545
다사472575
다사523597
다사514608
다사505555
다사524596
다사500611
다사523598
다사520601
다사474555
다사502572
다사502569
다사471563
다사501612
다사512586
다사495590
다사506567
다사516596
다사488600
다사521602
다사494598
다사500605
다사490599
다사474567
다사471557
다사513612
다사499610
다사473550
다사501611
다사508618
다사490608
다사513590
다사474534
다사517594
다사518618
다사504610
다사513603
다사520611
다사509582
다사508622
다사474550
다사480609
다사493553
다사474561
다사505607
다사500609
다사502592
다사481606
다사515586
다사508585
다사502605
다사504598
다사507601
다사521605
다사477595
다사507608
다사510599
다사518611
다사513593
다사509609
다사515599
다사509574
다사517604
다사479586
다사472555
다사504617
다사458551
다사491599
다사465542
다사511621
다사454547
다사526595
다사494562
다사511613
다사490590
다사522599
다사510617
다사471560
다사509592
다사513578
다사509599
다사511583
다사513572
다사458546
다사504558
다사514588
다사468533
다사505589
다사476610
다사494591
다사521603
다사521606
다사524594
다사490591
다사472557
다사505573
다사508608
다사489600
다사472554
다사521610
다사510601
다사507594
다사500555
다사500613
다사501568
다사466545
다사501559
다사512581
다사506611
다사497552
다사506593
다사492600
다사473559
다사512612
다사513571
다사511584
다사472572
다사506572
다사483593
다사467543
다사482598
다사515575
다사484604
다사513582
다사505620
다사482542
다사509594
다사509569
다사522592
다사476536
다사502580
다사516597
다사516594
다사519597
다사496577
다사467541
다사508569
다사501575
다사492590
다사467539
다사513581
다사499609
다사503598
다사479590
다사478589
다사489597
다사471573
다사512579
다사494544
다사513567
다사457550
다사510566
다사501566
다사502574
다사508575
다사514600
다사512604
다사484595
다사510577
다사502615
다사483605
다사514570
다사472531
다사519591
다사472574
다사507600
다사499566
다사506575
다사519603
다사512617
다사510587
다사471558
다사479591
다사479540
다사507590
다사483591
다사508607
다사501613
다사506589
다사514589
다사514574
다사492606
다사511611
다사471571
다사510595
다사468535
다사492591
다사459542
다사515593
다사511605
다사506582
다사518595
다사516614
다사508589
다사499600
다사526594
다사517596
다사502554
다사521590
다사514592
다사508565
다사490578
다사504580
다사473567
다사511589
다사498552
다사512607
다사506574
다사510581
다사492598
다사517589
다사518591
다사496579
다사495589
다사508591
다사481601
다사488589
다사493548
다사510612
다사483596
다사507572
다사460541
다사517597
다사515592
다사468545
다사471541
다사509603
다사510618
다사490598
다사513621
다사487589
다사513598
다사510579
다사456549
다사477611
다사474556
다사493591
다사500610
다사473533
다사475567
다사491542
다사518617
다사503574
다사510582
다사486593
다사479548
다사510598
다사484598
다사513608
다사521615
다사471532
다사494572
다사471546
다사470561
다사471540
다사523603
다사476544
다사524591
다사512567
다사470546
다사503586
다사515609
다사504581
다사516609
다사483602
다사504559
다사512584
다사492605
다사504575
다사510603
다사503573
다사497602
다사498600
다사507598
다사473568
다사496580
다사514615
다사471538
다사505562
다사513587
다사513569
다사506557
다사471554
다사462543
다사485595
다사473578
다사504612
다사512606
다사513580
다사500567
다사478590
다사478585
다사505559
다사505586
다사517588
다사514609
다사524593
다사511586
다사494546
다사457551
다사488599
다사511573
다사496600
다사514617
다사505595
다사520609
다사504561
다사498594
다사516590
다사514611
다사463542
다사489590
다사498596
다사474544
다사509570
다사503579
다사509575
다사512594
다사500557
다사501604
다사494547
다사480593
다사473574
다사519611
다사523599
다사497606
다사511580
다사480608
다사517617
다사506569
다사505614
다사521607
다사507564
다사472535
다사510583
다사499553
다사516603
다사507611
다사521616
다사480599
다사500566
다사512582
다사503603
다사461539
다사513579
다사511565
다사499613
다사477592
다사474570
다사489541
다사509564
다사512587
다사506621
다사457543
다사512599
다사509617
다사479584
다사495605
다사471550
다사472560
다사503595
다사490541
다사515605
다사472571
다사511610
다사516605
다사499611
다사520600
다사513576
다사510592
다사482603
다사508609
다사506558
다사524600
다사518603
다사471566
다사492609
다사521598
다사504591
다사499586
다사502614
다사490563
다사480549
다사503584
다사507593
다사524597
다사504605
다사509585
다사516598
다사500614
다사519618
다사507578
다사475574
다사481595
다사484600
다사474569
다사503610
다사507573
다사505576
다사492604
다사479588
다사511597
다사507591
다사459550
다사495604
다사510589
다사518616
다사511598
다사512574
다사511568
다사470570
다사478588
다사502606
다사515587
다사501558
다사521593
다사515602
다사477537
다사478584
다사511616
다사503565
다사512590
다사511609
다사515597
다사478549
다사500584
다사474574
다사520594
다사464541
다사521608
다사515607
다사485608
다사484607
다사510594
다사455548
다사472553
다사523601
다사489601
다사471552
다사506577
다사482600
다사471572
다사473560
다사498553
다사510584
다사522610
다사505577
다사464537
다사514587
다사502586
다사473570
다사513600
다사492602
다사513577
다사504606
다사512618
다사520617
다사518614
다사511569
다사504573
다사508566
다사509593
다사478587
다사503564
다사525597
다사503567
다사519589
다사512597
다사516592
다사463538
다사501610
다사505593
다사469549
다사494548
다사509612
다사497593
다사477549
다사507568
다사477610
다사500553
다사481593
다사517591
다사509580
다사501554
다사498595
다사478592
다사471561
다사475568
다사514605
다사512576
다사514599
다사517606
다사477594
다사506585
다사464543
다사504608
다사512588
다사501593
다사506562
다사517611
다사514604
다사519609
다사519607
다사472576
다사510608
다사517609
다사516610
다사513575
다사513570
다사518609
다사500607
다사515590
다사470548
다사510573
다사513601
다사503578
다사474568
다사504596
다사503588
다사455547
다사475545
다사507584
다사515573
다사508614
다사491601
다사505594
다사515598
다사472538
다사504564
다사509577
다사517612
다사500593
다사518589
다사501607
다사515595
다사524592
다사472558
다사477609
다사458549
다사509578
다사466540
다사516600
다사480584
다사458550
다사480605
다사512592
다사458542
다사522595
다사462544
다사477569
다사472559
다사512609
다사522607
다사478608
다사510574
다사478568
다사510576
다사479596
다사491604
다사504618
다사472566
다사514581
다사497581
다사507586
다사466536
다사509601
다사473572
다사480596
다사475580
다사470533
다사498602
다사471539
다사507582
다사513585
다사499594
다사505613
다사504585
다사525594
다사477579
다사505596
다사469536
다사486598
다사521595
다사526593
다사456544
다사467536
다사513611
다사481607
다사490569
다사496555
다사507581
다사476581
다사513574
다사519617
다사514573
다사523596
다사478581
다사500591
다사482606
다사499567
다사465540
다사513594
다사515571
다사473543
다사515606
다사508584
다사510611
다사514569
다사494589
다사506563
다사496597
다사483603
다사522596
다사505581
다사513583
다사512583
다사511587
다사515589
다사509595
다사506607
다사485594
다사519612
다사469547
다사508583
다사487598
다사514578
다사471570
다사506609
다사485591
다사493592
다사507576
다사494553
다사521614
다사477593
다사504574
다사514603
다사504588
다사509598
다사487591
다사477581
다사496551
다사472562
다사508572
다사523592
다사496593
다사512568
다사513586
다사499591
다사463545
다사498588
다사519594
다사492589
다사520616
다사506581
다사465541
다사509583
다사503614
다사508578
다사522590
다사476546
다사497603
다사493589
다사512613
다사481605
다사508580
다사512572
다사478593
다사478538
다사508595
다사485593
다사481594
다사479550
다사505556
다사470540
다사503606
다사505611
다사520602
다사513596
다사480602
다사507618
다사505561
다사516617
다사503590
다사459545
다사507610
다사506566
다사514616
다사488538
다사499593
다사498583
다사511576
다사479610
다사496613
다사508582
다사494550
다사476570
다사469548
다사467544
다사507574
다사464545
다사508567
다사515574
다사518613
다사476579
다사508588
다사522601
다사511585
다사509597
다사486555
다사502603
다사473539
다사470536
다사486608
다사522602
다사473566
다사497608
다사509606
다사521592
다사517590
다사497551
다사467542
다사518610
다사520605
다사509567
다사508611
다사508571
다사495612
다사504562
다사511571
다사505564
다사504576
다사468542
다사505612
다사506600
다사493604
다사506587
다사511591
다사520592
다사514607
다사511579
다사508573
다사494602
다사502576
다사481597
다사474612
다사473542
다사520591
다사473552
다사514572
다사520606
다사494604
다사501603
다사505580
다사512598
다사470532
다사473541
다사515588
다사513613
다사515601
다사476582
다사472567
다사496607
다사509619
다사508592
다사476594
다사516599
다사525598
다사497613
다사518599
다사513568
다사499587
다사520598
다사522593
다사477608
다사511578
다사473562
다사522609
다사509600
다사510619
다사512589
다사472536
다사501583
다사511590
다사512615
다사513588
다사463543
다사466542
다사503581
다사512601
다사480594
다사518597
다사514582
다사476569
다사509608
다사511596
다사470567
다사508621
다사500600
다사521600
다사509587
다사465544
다사503604
다사495548
다사508576
다사473569
다사491598
다사507563
다사502604
다사474545
다사512595
다사511567
다사470549
다사507577
다사506617
다사514571
다사480589
다사476583
다사473556
다사491592
다사504595
다사508593
다사472563
다사517603
다사479594
다사495549
다사474566
다사500564
다사517593
다사516618
다사503577
다사515594
다사514620
다사481589
다사496575
다사515604
다사465543
다사502567
다사519598
다사483594
다사473540
다사465537
다사482596
다사506590
다사519595
다사510593
다사513605
다사524598
다사525593
다사514591
다사517616
다사503589
다사496602
다사508563
다사465545
다사525592
다사516613
다사510602
다사503583
다사481542
다사520607
다사505597
다사502593
다사513602
다사472570
다사467534
다사478579
다사482597
다사510565
다사516595
다사517605
다사472561
다사515591
다사475611
다사506586
다사471535
다사514597
다사514568
다사466543
다사519613
다사484601
다사486591
다사500603
다사520588
다사517475
다사524488
다사523494
다사525471
다사532484
다사528474
다사529488
다사531467
다사561483
다사527479
다사529481
다사524491
다사551472
다사544497
다사519476
다사553471
다사555479
다사564486
다사543495
다사532473
다사563477
다사519483
다사551490
다사525475
다사521473
다사550468
다사532481
다사514484
다사520482
다사527489
다사529487
다사526470
다사541501
다사536503
다사553473
다사555473
다사563479
다사559490
다사539467
다사529473
다사541466
다사559482
다사524490
다사525485
다사512486
다사530473
다사547488
다사523498
다사558481
다사518475
다사552482
다사549466
다사559475
다사553472
다사547486
다사551482
다사550494
다사531504
다사525504
다사542466
다사552483
다사544498
다사544493
다사523485
다사531496
다사558479
다사533500
다사562479
다사570487
다사528500
다사520488
다사571489
다사548486
다사537497
다사565486
다사549495
다사550472
다사523487
다사552492
다사532494
다사550493
다사510486
다사528503
다사560483
다사553474
다사525488
다사521497
다사555491
다사515483
다사547465
다사535466
다사543502
다사535494
다사566480
다사556482
다사553486
다사570486
다사533497
다사559474
다사553477
다사527469
다사563478
다사551491
다사567484
다사525499
다사526487
다사535481
다사517478
다사534497
다사533479
다사530506
다사553485
다사517480
다사556483
다사521489
다사566488
다사562481
다사549493
다사522488
다사563485
다사527497
다사526495
다사535503
다사530490
다사525484
다사534504
다사535504
다사547491
다사564487
다사529469
다사531495
다사526484
다사555471
다사525491
다사538466
다사518480
다사532499
다사548490
다사543500
다사531499
다사526490
다사523472
다사539506
다사559484
다사571487
다사539498
다사557471
다사517482
다사545492
다사529506
다사538469
다사556484
다사533482
다사559486
다사568488
다사529498
다사561494
다사533505
다사521487
다사557488
다사515482
다사549485
다사536502
다사519481
다사521474
다사551489
다사525489
다사531470
다사537467
다사561484
다사538505
다사527484
다사522472
다사566482
다사568481
다사530498
다사548483
다사556470
다사528492
다사518476
다사522485
다사530491
다사528471
다사536468
다사518487
다사546488
다사535492
다사526491
다사556478
다사526489
다사552470
다사527499
다사538501
다사554491
다사565479
다사516482
다사568483
다사523473
다사557474
다사533491
다사545496
다사531498
다사529507
다사537502
다사535469
다사542468
다사537506
다사551468
다사531468
다사557478
다사531471
다사546465
다사567480
다사526471
다사565481
다사532493
다사526493
다사568484
다사530484
다사561478
다사530504
다사554492
다사551471
다사568482
다사530468
다사530474
다사561482
다사551484
다사567487
다사538465
다사546466
다사560481
다사520495
다사539500
다사539505
다사520489
다사552473
다사531484
다사566484
다사525502
다사527491
다사552469
다사517479
다사534486
다사535471
다사538500
다사560484
다사538502
다사548467
다사529484
다사525476
다사527494
다사554484
다사560490
다사556474
다사533466
다사535493
다사531494
다사547493
다사567488
다사550480
다사560482
다사553488
다사528485
다사532489
다사532488
다사520490
다사535495
다사569486
다사531493
다사532492
다사529492
다사538498
다사546489
다사524473
다사533471
다사569485
다사537505
다사531500
다사527475
다사522473
다사561492
다사561486
다사529501
다사548495
다사561489
다사548496
다사538497
다사569483
다사569482
다사561477
다사535491
다사561481
다사536486
다사552485
다사556487
다사530469
다사555482
다사565487
다사564488
다사520472
다사519487
다사556471
다사543501
다사555470
다사535501
다사552486
다사536482
다사535468
다사522493
다사547487
다사569489
다사549470
다사559480
다사561491
다사554473
다사532468
다사554469
다사530471
다사553481
다사550471
다사546491
다사529503
다사533469
다사558477
다사534498
다사530472
다사523482
다사550485
다사527476
다사542496
다사554486
다사542502
다사566485
다사542497
다사521472
다사530501
다사520494
다사560476
다사544494
다사550482
다사562486
다사528487
다사558475
다사517488
다사523492
다사534492
다사525490
다사527505
다사537504
다사570484
다사529497
다사562483
다사559476
다사521492
다사563488
다사530493
다사530482
다사547492
다사527490
다사555487
다사538499
다사547485
다사526502
다사533502
다사525493
다사529491
다사560480
다사520475
다사551493
다사528491
다사545497
다사530496
다사568489
다사555483
다사549491
다사527471
다사558476
다사539504
다사518484
다사521493
다사530481
다사536501
다사549486
다사563492
다사546497
다사554482
다사544495
다사534469
다사569484
다사541504
다사552481
다사517476
다사555477
다사568486
다사546487
다사567482
다사529499
다사539495
다사541499
다사517487
다사547495
다사529505
다사557477
다사537503
다사527506
다사527487
다사547496
다사532480
다사527473
다사546494
다사521494
다사528498
다사519489
다사549467
다사517483
다사548497
다사554476
다사539466
다사560479
다사531482
다사561496
다사562477
다사550481
다사547466
다사566479
다사550486
다사536504
다사532470
다사536499
다사560495
다사548485
다사558473
다사535500
다사559478
다사564484
다사532495
다사556472
다사523491
다사539501
다사551477
다사518486
다사551492
다사559473
다사533504
다사528506
다사521496
다사528486
다사525495
다사554475
다사541500
다사555492
다사533503
다사549489
다사551481
다사553483
다사534481
다사531479
다사540503
다사526498
다사526474
다사529485
다사532482
다사550495
다사535482
다사540504
다사531502
다사562491
다사550484
다사529483
다사520474
다사529495
다사517477
다사566487
다사554478
다사552489
다사528488
다사535470
다사526500
다사541495
다사535502
다사528475
다사528489
다사557475
다사519484
다사535484
다사531490
다사537500
다사554488
다사557485
다사527492
다사531481
다사529502
다사518483
다사527503
다사522494
다사562482
다사530470
다사562488
다사542465
다사532500
다사534501
다사532501
다사542501
다사560489
다사534480
다사525503
다사529489
다사533495
다사531483
다사524500
다사548488
다사555476
다사529494
다사548484
다사533484
다사536498
다사524489
다사553487
다사533506
다사551483
다사545494
다사542499
다사554477
다사564480
다사534493
다사563493
다사554470
다사531503
다사555474
다사535498
다사549490
다사523475
다사536497
다사541465
다사530492
다사562480
다사537501
다사536487
다사567486
다사535486
다사562478
다사552480
다사532467
다사552468
다사534499
다사524485
다사532496
다사541467
다사560494
다사545498
다사567481
다사555475
다사567485
다사520487
다사557476
다사519488
다사538506
다사558487
다사564482
다사531486
다사523493
다사520483
다사561487
다사528502
다사549469
다사540465
다사517489
다사550483
다사529470
다사552493
다사543496
다사526492
다사528482
다사517485
다사543497
다사531473
다사552477
다사533472
다사547484
다사531488
다사521490
다사561488
다사523474
다사556473
다사520485
다사518488
다사568487
다사523484
다사542498
다사534484
다사548491
다사530486
다사524474
다사548493
다사551488
다사551470
다사557480
다사532487
다사552472
다사567483
다사568480
다사540501
다사528501
다사539503
다사527496
다사530507
다사534483
다사517484
다사527474
다사528495
다사553493
다사528497
다사524476
다사518474
다사544500
다사556488
다사530489
다사557486
다사535505
다사530485
다사528477
다사558489
다사570485
다사532497
다사534500
다사561490
다사548487
다사528499
다사530487
다사535485
다사516483
다사530495
다사526472
다사511486
다사557481
다사514485
다사555488
다사526488
다사535499
다사524475
다사536469
다사552471
다사529480
다사514482
다사512485
다사558483
다사552484
다사551485
다사540468
다사534496
다사538467
다사569487
다사513486
다사541468
다사547497
다사548465
다사531501
다사524486
다사545495
다사546493
다사533501
다사510485
다사521491
다사538468
다사534505
다사558484
다사557483
다사566483
다사570488
다사526494
다사537498
다사532491
다사557487
다사564481
다사529486
다사527477
다사544499
다사539502
다사520484
다사533496
다사561493
다사534470
다사524487
다사547489
다사535467
다사534482
다사541502
다사525486
다사565480
다사560486
다사520486
다사548489
다사549468
다사529500
다사545493
다사530500
다사533480
다사543499
다사515485
다사514486
다사525492
다사518482
다사534502
다사531474
다사530480
다사553478
다사558482
다사569488
다사540499
다사535487
다사520492
다사530502
다사524484
다사528473
다사530499
다사529504
다사556477
다사518477
다사538503
다사513483
다사557479
다사534495
다사554487
다사534487
다사539468
다사540498
다사539469
다사555486
다사516479
다사513484
다사568485
다사563480
다사532474
다사540497
다사552490
다사554483
다사560488
다사531480
다사533498
다사534503
다사554472
다사536505
다사534494
다사519474
다사561480
다사529496
다사537507
다사521488
다사527500
다사532479
다사557482
다사522492
다사523490
다사546495
다사522486
다사531497
다사541497
다사527485
다사526473
다사559485
다사560487
다사553480
다사519473
다사551487
다사558471
다사531469
다사511485
다사525494
다사552487
다사554490
다사561475
다사553489
다사520473
다사544496
다사533468
다사543498
다사561485
다사559479
다사528504
다사516487
다사549483
다사536500
다사534468
다사534485
다사551467
다사547494
다사533481
다사524493
다사522487
다사534471
다사556479
다사533499
다사527502
다사553482
다사523483
다사527488
다사542467
다사533494
다사531475
다사558485
다사550488
다사526475
다사516485
다사530488
다사560485
다사558488
다사535497
다사525498
다사546492
다사557484
다사535488
다사565490
다사552488
다사517486
다사529479
다사529472
다사533483
다사526504
다사523489
다사565485
다사555481
다사523488
다사555478
다사542500
다사532486
다사553469
다사540467
다사527486
다사554474
다사560493
다사540502
다사563481
다사526485
다사530503
다사528478
다사567489
다사540500
다사519486
다사549487
다사534466
다사531477
다사528490
다사527504
다사524499
다사559481
다사538504
다사562493
다사528484
다사571488
다사556475
다사559483
다사570489
다사531478
다사536485
다사559495
다사561476
다사533492
다사555484
다사528505
다사530479
다사528494
다사550492
다사539497
다사547467
다사527493
다사531492
다사554481
다사536484
다사547490
다사533485
다사553470
다사551469
다사571486
다사519475
다사516484
다사528496
다사534467
다사526501
다사528470
다사522491
다사538507
다사526476
다사530476
다사558478
다사549484
다사533467
다사564479
다사546496
다사550489
다사553490
다사550467
다사518481
다사522474
다사551486
다사530494
다사524498
다사543494
다사539499
다사521484
다사556480
다사556481
다사542495
다사561479
다사559488
다사530497
다사550469
다사512484
다사559487
다사526503
다사522490
다사522489
다사518485
다사549492
다사554489
다사521485
다사531491
다사550491
다사550487
다사564483
다사554480
다사529490
다사530505
다사536483
다사555480
다사560478
다사546490
다사540494
다사541498
다사533493
다사560475
다사519490
다사520491
다사517474
다사555485
다사527498
다사553491
다사532471
다사554485
다사563482
다사548466
다사558472
다사565482
다사518489
다사548492
다사537465
다사559477
다사535483
다사537499
다사531489
다사523486
다사560496
다사528476
다사526505
다사531472
다사524472
다사562492
다사549488
다사565483
다사525487
다사548494
다사558474
다사553492
다사565484
다사549494
다사563484
다사550490
다사525474
다사566481
다사563483
다사552491
다사524492
다사556485
다사561495
다사533470
다사528469
다사556476
다사537466
다사515484
다사541503
다사532469
다사553475
다사519485
다사525500
다사558486
다사554471
다사532483
다사566486
다사531487
다사553484
다사527501
다사525472
다사563487
다사560477
다사556486
다사513485
다사534472
다사544492
다사533486
다사526486
다사555472
다사558480
다사537487
다사528481
다사528459
다사522482
다사524481
다사538496
다사548475
다사556498
다사524463
다사572485
다사523461
다사521466
다사523477
다사531465
다사552462
다사516468
다사550496
다사556491
다사559499
다사548479
다사536470
다사535458
다사573488
다사545474
다사553476
다사539490
다사541453
다사528466
다사523470
다사549475
다사524479
다사516480
다사545453
다사542463
다사521483
다사540485
다사513479
다사536471
다사534476
다사523468
다사523479
다사542472
다사542486
다사542490
다사518466
다사559489
다사540489
다사545504
다사544458
다사532463
다사560474
다사514470
다사521476
다사529464
다사541505
다사515475
다사511481
다사541457
다사541490
다사518471
다사542503
다사555467
다사546470
다사535489
다사551464
다사556492
다사521478
다사531476
다사540493
다사545457
다사529475
다사532506
다사546460
다사530475
다사533478
다사573484
다사567476
다사522471
다사521479
다사537459
다사544475
다사521481
다사527467
다사530467
다사544474
다사545499
다사537494
다사539479
다사570483
다사561472
다사524470
다사556467
다사549479
다사547480
다사564474
다사545480
다사520481
다사565492
다사516475
다사529466
다사528479
다사523469
다사540456
다사543479
다사551496
다사546480
다사524495
다사530508
다사538464
다사545490
다사545462
다사529478
다사529468
다사566490
다사547479
다사545506
다사555499
다사562472
다사563494
다사545481
다사532504
다사539454
다사524466
다사557473
다사527470
다사527468
다사516473
다사525461
다사541474
다사536488
다사562471
다사538477
다사526461
다사520469
다사542475
다사553463
다사558469
다사530459
다사532465
다사542469
다사515470
다사565495
다사537455
다사517468
다사543489
다사536455
다사542489
다사533463
다사550500
다사535460
다사540490
다사558467
다사550466
다사539457
다사514478
다사537460
다사543478
다사558490
다사571485
다사540486
다사521477
다사541494
다사553499
다사538456
다사521486
다사542505
다사545464
다사535459
다사552464
다사535465
다사545459
다사548501
다사528463
다사540470
다사525460
다사528460
다사536474
다사536495
다사542470
다사550479
다사546454
다사543471
다사538486
다사553496
다사517470
다사521469
다사562497
다사551480
다사545477
다사563495
다사565477
다사562474
다사546498
다사549500
다사563496
다사542456
다사556489
다사534459
다사549464
다사535462
다사537475
다사545482
다사534457
다사540463
다사563491
다사565478
다사522476
다사565473
다사539453
다사540483
다사550473
다사549477
다사562473
다사536478
다사561500
다사567479
다사522463
다사557491
다사552463
다사549481
다사537458
다사515477
다사546475
다사527463
다사558501
다사543468
다사547501
다사547472
다사559469
다사514474
다사544459
다사542491
다사546462
다사552498
다사548480
다사547458
다사535477
다사559492
다사540505
다사525466
다사547504
다사537461
다사526463
다사539486
다사522470
다사547478
다사530457
다사562490
다사549499
다사514467
다사544484
다사544502
다사540466
다사533477
다사544460
다사539470
다사530458
다사518472
다사534456
다사558470
다사550497
다사540492
다사516469
다사558494
다사537463
다사543503
다사542464
다사563473
다사533460
다사544486
다사532460
다사536491
다사551497
다사553465
다사515487
다사526477
다사554467
다사530478
다사528483
다사544501
다사549496
다사542473
다사557468
다사555496
다사543474
다사562496
다사548499
다사547502
다사549471
다사530460
다사546463
다사528461
다사534460
다사518490
다사548460
다사559494
다사521464
다사521465
다사515480
다사544487
다사545500
다사549474
다사524483
다사522497
다사540462
다사541454
다사545470
다사566495
다사544473
다사548463
다사538494
다사547482
다사548503
다사556493
다사545469
다사563472
다사551495
다사514465
다사556496
다사549480
다사551462
다사512480
다사530464
다사535455
다사533458
다사509485
다사542494
다사552478
다사538492
다사522468
다사544454
다사524480
다사513468
다사546500
다사566477
다사534478
다사519466
다사542504
다사542460
다사551478
다사536466
다사542483
다사551463
다사527461
다사561502
다사537485
다사535506
다사543492
다사558498
다사553464
다사546469
다사540487
다사557495
다사555490
다사539477
다사537478
다사544466
다사565494
다사527482
다사525462
다사552475
다사551466
다사544478
다사517465
다사534454
다사544483
다사543467
다사533455
다사544488
다사568479
다사532455
다사525496
다사537482
다사565476
다사524477
다사519472
다사555466
다사535480
다사545473
다사533489
다사530466
다사514481
다사525480
다사546476
다사556494
다사550461
다사523480
다사545463
다사543475
다사533474
다사546471
다사525470
다사539494
다사544470
다사537468
다사543504
다사537474
다사562498
다사513471
다사535473
다사546484
다사531460
다사520467
다사561498
다사520480
다사544464
다사512478
다사564490
다사523499
다사534455
다사546468
다사516467
다사542488
다사517467
다사539493
다사540454
다사538461
다사513467
다사534458
다사518470
다사543505
다사513473
다사538476
다사550502
다사518467
다사538462
다사539487
다사535496
다사560501
다사547474
다사529459
다사512479
다사533476
다사538453
다사519471
다사557490
다사557494
다사541483
다사566491
다사541489
다사558495
다사559496
다사537477
다사539458
다사541470
다사543458
다사539464
다사566494
다사551479
다사543459
다사565491
다사524461
다사525479
다사538488
다사548470
다사532475
다사551502
다사532507
다사539456
다사549498
다사514480
다사543476
다사528467
다사523476
다사536496
다사543455
다사527495
다사538484
다사563499
다사552500
다사537480
다사550499
다사538473
다사573486
다사560492
다사544490
다사548464
다사522483
다사545501
다사551494
다사557496
다사520477
다사550474
다사572484
다사540488
다사541480
다사563471
다사517472
다사569481
다사527466
다사516477
다사539485
다사565475
다사539473
다사537476
다사564492
다사540472
다사543463
다사545505
다사553467
다사525463
다사538471
다사523495
다사540478
다사532485
다사536473
다사515486
다사524496
다사539462
다사555498
다사514475
다사558492
다사530456
다사519470
다사541486
다사524471
다사534474
다사537469
다사541459
다사542474
다사531464
다사543473
다사544462
다사539463
다사543465
다사511484
다사567490
다사554479
다사516486
다사527462
다사545491
다사550462
다사516488
다사547475
다사564472
다사514468
다사549502
다사526459
다사535474
다사536477
다사546501
다사549501
다사525469
다사531463
다사527458
다사560498
다사526496
다사527478
다사526482
다사546459
다사545460
다사519482
다사535456
다사572486
다사547498
다사527465
다사547459
다사534473
다사543481
다사540473
다사526481
다사532503
다사561474
다사517469
다사559497
다사514472
다사541455
다사554498
다사545484
다사561501
다사528472
다사534479
다사539489
다사536492
다사532505
다사544465
다사554499
다사543453
다사537486
다사531456
다사554496
다사544453
다사562487
다사547500
다사515478
다사542461
다사541469
다사544505
다사525464
다사531508
다사573487
다사546457
다사544472
다사561473
다사528457
다사547469
다사534465
다사550475
다사547461
다사548500
다사521462
다사538457
다사521495
다사548473
다사525465
다사548477
다사546499
다사540482
다사534477
다사518465
다사532466
다사563476
다사534475
다사543485
다사509483
다사522464
다사552479
다사572487
다사522495
다사520470
다사521475
다사541493
다사548462
다사510484
다사522465
다사538458
다사562475
다사542477
다사543461
다사520463
다사542478
다사536480
다사511480
다사525473
다사544481
다사525497
다사542457
다사521482
다사566493
다사542471
다사530465
다사552467
다사537473
다사537496
다사544457
다사529467
다사571481
다사532461
다사532457
다사540476
다사541464
다사537489
다사510482
다사531462
다사536490
다사538482
다사551501
다사541456
다사550498
다사529460
다사557498
다사551476
다사543484
다사526458
다사564473
다사522484
다사557472
다사547481
다사543460
다사514471
다사511479
다사562489
다사563498
다사555494
다사540453
다사524462
다사523471
다사520462
다사523463
다사532456
다사542453
다사547471
다사531506
다사544491
다사522462
다사553468
다사531507
다사546458
다사526465
다사544489
다사554465
다사520465
다사538483
다사558496
다사557500
다사553495
다사526469
다사514477
다사522477
다사538474
다사556499
다사543487
다사543454
다사534506
다사529477
다사551474
다사542482
다사520464
다사544482
다사567478
다사526462
다사529493
다사539461
다사542458
다사522475
다사528462
다사536467
다사566478
다사564495
다사546479
다사524469
다사570481
다사546477
다사570482
다사541485
다사523497
다사561499
다사534462
다사550463
다사563475
다사538495
다사539472
다사519463
다사551461
다사554466
다사516464
다사535478
다사549478
다사519467
다사537490
다사523467
다사564485
다사523465
다사546473
다사540491
다사545489
다사531458
다사554495
다사510483
다사536454
다사539474
다사533464
다사543470
다사522496
다사540469
다사513480
다사510481
다사533473
다사513478
다사545485
다사520476
다사526480
다사545458
다사548502
다사546464
다사515473
다사528465
다사548472
다사543488
다사514466
다사564477
다사559471
다사546486
다사520479
다사552466
다사568478
다사534507
다사527483
다사549462
다사544480
다사545487
다사541479
다사523496
다사538490
다사521463
다사529462
다사536460
다사538460
다사544469
다사542479
다사566475
다사528464
다사554464
다사545478
다사557492
다사562501
다사545472
다사529461
다사560470
다사526464
다사553479
다사549461
다사549503
다사515474
다사559472
다사520466
다사569479
다사522479
다사544503
다사542484
다사544455
다사530483
다사539471
다사519491
다사529471
다사517471
다사520478
다사546482
다사532478
다사543464
다사556465
다사572488
다사542481
다사548458
다사525483
다사551498
다사537470
다사512483
다사545454
다사525481
다사553498
다사536476
다사539475
다사548461
다사539476
다사526467
다사539465
다사544468
다사513482
다사541462
다사513477
다사536472
다사550465
다사564478
다사521480
다사557499
다사556466
다사516465
다사518478
다사547468
다사544504
다사549460
다사533507
다사529465
다사555493
다사541481
다사540496
다사545488
다사526466
다사540461
다사564493
다사533459
다사541477
다사554493
다사557467
다사548474
다사519478
다사538459
다사531461
다사515481
다사535461
다사546478
다사539483
다사547456
다사514483
다사536479
다사552476
다사523481
다사531459
다사520468
다사525468
다사554494
다사551473
다사544479
다사513474
다사563497
다사545503
다사554497
다사572483
다사570480
다사518479
다사531457
다사565488
다사523478
다사545465
다사516476
다사538475
다사527480
다사537471
다사561497
다사509484
다사527460
다사547463
다사543457
다사544471
다사518464
다사521467
다사562484
다사544456
다사562470
다사551475
다사558497
다사534491
다사529474
다사557469
다사522480
다사549476
다사533488
다사529476
다사529463
다사536459
다사563500
다사537464
다사541460
다사517473
다사541478
다사566476
다사518469
다사538479
다사529482
다사545475
다사562495
다사524497
다사533457
다사542506
다사538480
다사548471
다사559498
다사526499
다사550464
다사519479
다사553466
다사513475
다사536493
다사539455
다사514479
다사540474
다사526479
다사543462
다사537472
다사539492
다사564491
다사564489
다사537484
다사545456
다사535454
다사542455
다사532490
다사513470
다사525477
다사563490
다사542476
다사555489
다사519480
다사522478
다사515471
다사542480
다사539481
다사537483
다사513469
다사539480
다사547462
다사545467
다사543466
다사513472
다사540458
다사552495
다사546472
다사533456
다사560469
다사526468
다사535472
다사546502
다사548482
다사538472
다사524460
다사524464
다사524465
다사546467
다사533462
다사559501
다사573485
다사535464
다사539491
다사558499
다사552501
다사532464
다사568477
다사537493
다사543493
다사546474
다사560471
다사531466
다사540471
다사541484
다사556468
다사552474
다사515466
다사567477
다사573483
다사541492
다사530477
다사543480
다사518473
다사546505
다사563486
다사534488
다사541496
다사540475
다사519469
다사541463
다사553494
다사537453
다사539484
다사557497
다사549459
다사546481
다사557501
다사544477
다사527481
다사533461
다사565489
다사557466
다사515465
다사538485
다사542487
다사533490
다사512481
다사560500
다사566492
다사569480
다사516466
다사546461
다사536462
다사561470
다사535463
다사541471
다사524482
다사548469
다사548478
다사541506
다사560497
다사538489
다사558493
다사513476
다사543491
다사525467
다사541461
다사532476
다사540464
다사516481
다사554468
다사562476
다사524494
다사538487
다사558468
다사540495
다사558491
다사545502
다사555468
다사517481
다사555495
다사516474
다사557493
다사545486
다사536458
다사560472
다사529458
다사522461
다사562502
다사543482
다사547464
다사538454
다사536475
다사534461
다사542454
다사539488
다사542459
다사564494
다사532477
다사545476
다사534463
다사536464
다사556469
다사548459
다사547503
다사537454
다사515469
다사548498
다사521471
다사560499
다사545455
다사532472
다사562485
다사532458
다사545461
다사547470
다사534490
다사526460
다사524467
다사544467
다사534489
다사559493
다사547477
다사550478
다사526483
다사516472
다사527464
다사549497
다사543472
다사536489
다사520493
다사516478
다사530461
다사522466
다사526497
다사519477
다사519465
다사555497
다사536465
다사546455
다사566489
다사546483
다사537495
다사535457
다사536457
다사551465
다사571484
다사562499
다사536494
다사541458
다사540481
다사536463
다사541472
다사537457
다사537462
다사538481
다사536481
다사523466
다사538493
다사538463
다사541476
다사539482
다사547483
다사528480
다사544461
다사562494
다사512482
다사535490
다사547473
다사569490
다사516471
다사543456
다사565474
다사538491
다사546485
다사532459
다사545466
다사533475
다사563489
다사541482
다사547460
다사549463
다사528493
다사539478
다사532462
다사547457
다사546503
다사511483
다사530463
다사533487
다사522481
다사545468
다사552499
다사545483
다사519468
다사552494
다사542492
다사525482
다사552497
다사517466
다사540457
다사543490
다사561471
다사535476
다사547499
다사526478
다사550503
다사555465
다사527459
다사527472
다사522469
다사559500
다사552496
다사563474
다사572482
다사540480
다사553497
다사564476
다사538455
다사537488
다사531485
다사535479
다사565493
다사528458
다사542493
다사539460
다사550476
다사556501
다사531505
다사537492
다사514473
다사543483
다사537456
다사545471
다사515468
다사555469
다사536456
다사538470
다사546456
다사516470
다사520471
다사559491
다사564475
다사546504
다사543477
다사558500
다사544485
다사544476
다사549473
다사528468
다사551499
다사518468
다사515467
다사545479
다사519464
다사557470
다사515472
다사541488
다사524468
다사561469
다사534464
다사559470
다사555500
다사541473
다사523464
다사540460
다사542485
다사521470
다사532502
다사533465
다사514476
다사528507
다사549465
다사556497
다사548476
다사559468
다사571482
다사547476
다사540479
다사549482
다사544463
다사517464
다사539496
다사525459
다사560473
다사530462
다사535475
다사540455
다사539459
다사556495
다사550470
다사538478
다사549472
다사515479
다사523462
다사553500
다사524478
다사543469
다사522467
다사543486
다사542462
다사548481
다사529457
다사541475
다사557489
다사541487
다사540459
다사550501
다사552465
다사540484
다사540477
다사548468
다사537479
다사562500
다사532498
다사513466
다사550477
다사556490
다사511482
다사525478
다사521468
다사551500
다사556500
다사536461
다사537491
다사537481
다사541491
다사515476
다사571483
다사560491
다사513481
다사514469
다사469469
다사466473
다사471472
다사479468
다사478439
다사480444
다사502470
다사470447
다사473471
다사454468
다사453473
다사503471
다사468469
다사478452
다사469447
다사487450
다사476448
다사480466
다사466437
다사465446
다사468449
다사474476
다사470460
다사463459
다사456471
다사475464
다사468465
다사484463
다사496469
다사471441
다사476450
다사460476
다사472447
다사461467
다사462462
다사485463
다사467473
다사471456
다사485444
다사476467
다사498471
다사455471
다사488480
다사460462
다사497473
다사484465
다사497470
다사474433
다사463482
다사482444
다사473432
다사475460
다사473457
다사465473
다사485447
다사498467
다사474447
다사461471
다사464449
다사473443
다사470461
다사468477
다사471468
다사497467
다사469437
다사469445
다사466472
다사468478
다사499467
다사476442
다사468458
다사469479
다사468437
다사481452
다사475478
다사462469
다사477468
다사480453
다사475475
다사467471
다사482443
다사462476
다사471434
다사481460
다사473469
다사478445
다사460494
다사476458
다사469458
다사466489
다사484450
다사476480
다사467445
다사490458
다사495476
다사465486
다사475455
다사482455
다사465490
다사469475
다사474443
다사477479
다사479458
다사469483
다사478449
다사473454
다사467447
다사456468
다사479445
다사486464
다사464454
다사471450
다사478462
다사500469
다사483446
다사456474
다사484461
다사491460
다사490455
다사480471
다사479461
다사470471
다사484457
다사476460
다사471447
다사489469
다사466481
다사468448
다사474467
다사483464
다사455468
다사474470
다사485453
다사477456
다사459474
다사467458
다사476441
다사474455
다사465461
다사472483
다사471462
다사477471
다사470480
다사460470
다사470443
다사472469
다사473453
다사470458
다사464460
다사477446
다사467448
다사477453
다사469450
다사474483
다사469466
다사476465
다사457475
다사460472
다사458472
다사472437
다사471459
다사474437
다사480455
다사479453
다사498473
다사462488
다사500466
다사471482
다사479450
다사471474
다사491467
다사469433
다사471470
다사477477
다사476479
다사476466
다사490462
다사460493
다사461472
다사470477
다사471443
다사474461
다사473435
다사472474
다사479452
다사471485
다사454475
다사464461
다사479456
다사475469
다사467474
다사472486
다사467465
다사478448
다사488469
다사498475
다사467459
다사477470
다사471439
다사468485
다사481455
다사482448
다사485449
다사464463
다사490461
다사469467
다사483465
다사477466
다사467434
다사467439
다사486463
다사462475
다사473434
다사489464
다사468434
다사471476
다사477467
다사467441
다사489479
다사463478
다사482454
다사457474
다사464491
다사492466
다사464457
다사497474
다사456466
다사478453
다사468456
다사487451
다사476478
다사485457
다사472439
다사474460
다사479444
다사470433
다사482462
다사461490
다사463470
다사468476
다사479442
다사480462
다사470459
다사489456
다사490469
다사470449
다사480454
다사475443
다사501471
다사480443
다사465462
다사477465
다사454473
다사473467
다사502469
다사470441
다사476461
다사496468
다사473445
다사486451
다사479457
다사478467
다사470451
다사475472
다사472472
다사460463
다사485476
다사465478
다사482456
다사484460
다사477444
다사475450
다사470439
다사468479
다사454472
다사479466
다사483462
다사471452
다사487462
다사469457
다사466488
다사469438
다사464462
다사487478
다사472481
다사482447
다사469441
다사472484
다사470479
다사468443
다사464487
다사477448
다사474475
다사489458
다사467449
다사474469
다사460495
다사474435
다사480448
다사474434
다사468446
다사467456
다사472478
다사470452
다사458468
다사478474
다사471444
다사471455
다사464459
다사462494
다사457469
다사488461
다사464458
다사478460
다사460473
다사462459
다사479446
다사457464
다사487448
다사466479
다사484444
다사465457
다사471463
다사469470
다사468486
다사471446
다사472460
다사464474
다사476476
다사483460
다사472459
다사464445
다사487457
다사480467
다사499472
다사483466
다사465445
다사485459
다사460477
다사469446
다사474474
다사504467
다사468468
다사470464
다사467487
다사472468
다사468483
다사474452
다사476439
다사469454
다사477442
다사466469
다사456473
다사465487
다사486479
다사466443
다사481467
다사473463
다사472471
다사470484
다사483456
다사484456
다사492462
다사470475
다사488470
다사481458
다사480461
다사475454
다사481456
다사460491
다사472457
다사474463
다사457472
다사504468
다사503468
다사468462
다사461466
다사465489
다사490460
다사456475
다사465480
다사463473
다사459476
다사456463
다사467476
다사467454
다사494466
다사481447
다사471478
다사492461
다사468450
다사470486
다사482445
다사471457
다사470434
다사493467
다사454466
다사470478
다사473472
다사457477
다사475466
다사468474
다사484448
다사489462
다사477451
다사465447
다사464447
다사483443
다사497475
다사488456
다사478459
다사472452
다사461463
다사482466
다사493469
다사478451
다사467435
다사468470
다사470436
다사472476
다사464480
다사467443
다사499473
다사466476
다사480445
다사480470
다사468442
다사484454
다사481451
다사481450
다사475484
다사487458
다사493462
다사474462
다사479447
다사462484
다사473470
다사471431
다사476456
다사478472
다사476455
다사474478
다사481448
다사455475
다사485466
다사475458
다사468457
다사464476
다사470437
다사479473
다사474439
다사468436
다사471479
다사476469
다사466463
다사466446
다사471466
다사461473
다사466483
다사461491
다사464464
다사502468
다사476474
다사488462
다사456467
다사489480
다사472446
다사469455
다사475439
다사475436
다사472448
다사461476
다사474481
다사459473
다사481463
다사468433
다사459465
다사466470
다사500467
다사468440
다사474472
다사475462
다사472449
다사484443
다사460496
다사469435
다사479459
다사488452
다사459463
다사466480
다사474444
다사457468
다사477459
다사461493
다사478471
다사476449
다사466456
다사485446
다사471458
다사467479
다사478469
다사465488
다사467467
다사462466
다사467463
다사462467
다사477445
다사477473
다사472431
다사465450
다사503470
다사468444
다사484449
다사475482
다사481462
다사460461
다사462461
다사459462
다사478454
다사475477
다사480458
다사455464
다사459494
다사466490
다사467470
다사459495
다사480450
다사463463
다사477457
다사466486
다사487463
다사470438
다사499468
다사456465
다사464456
다사467485
다사462491
다사471433
다사464444
다사462481
다사466441
다사475442
다사487461
다사468432
다사472473
다사465439
다사490463
다사473477
다사479454
다사471437
다사470444
다사470470
다사466449
다사471438
다사485477
다사473456
다사468435
다사488454
다사473483
다사473464
다사486478
다사489452
다사477476
다사477474
다사455467
다사477463
다사465456
다사455473
다사473436
다사491481
다사464471
다사483444
다사472477
다사477480
다사470474
다사504470
다사462464
다사497476
다사480465
다사472456
다사466442
다사467442
다사466457
다사469474
다사471473
다사454471
다사474458
다사463471
다사482464
다사476477
다사480456
다사460468
다사484446
다사473449
다사469453
다사469459
다사478447
다사457466
다사462473
다사473476
다사467451
다사466450
다사467482
다사468467
다사473473
다사464448
다사458477
다사465459
다사470455
다사458464
다사477439
다사471435
다사475483
다사477447
다사479441
다사488455
다사474454
다사482449
다사477478
다사475444
다사468480
다사468472
다사490459
다사475449
다사498466
다사459466
다사481454
다사456469
다사491461
다사486470
다사460466
다사486452
다사464470
다사466487
다사479465
다사479474
다사462465
다사492469
다사485450
다사475474
다사472482
다사481445
다사468487
다사490457
다사484464
다사467464
다사488460
다사466458
다사476452
다사486457
다사476459
다사482467
다사489453
다사476471
다사486475
다사484459
다사469442
다사483455
다사475452
다사491469
다사469436
다사493466
다사464469
다사460465
다사484451
다사467483
다사465460
다사475473
다사482446
다사478465
다사473474
다사460464
다사470454
다사485475
다사469448
다사465463
다사476473
다사488453
다사468473
다사467437
다사477450
다사470487
다사466492
다사488479
다사468464
다사470483
다사468455
다사474438
다사485445
다사457463
다사465484
다사476468
다사472467
다사486462
다사474441
다사503469
다사464481
다사479451
다사472479
다사478475
다사469473
다사466444
다사464472
다사475470
다사470462
다사474480
다사474464
다사488449
다사470435
다사470453
다사478473
다사469472
다사475441
다사480451
다사466474
다사479443
다사475476
다사475456
다사476446
다사473455
다사469484
다사476444
다사488450
다사457467
다사490464
다사485458
다사470472
다사481449
다사486454
다사480457
다사491462
다사478440
다사477469
다사475457
다사467466
다사488451
다사487459
다사471436
다사487456
다사462492
다사482465
다사487455
다사472461
다사468482
다사470440
다사474442
다사475453
다사483461
다사481464
다사484477
다사466436
다사486458
다사457471
다사500470
다사486446
다사491472
다사473446
다사477458
다사484462
다사468453
다사489457
다사491479
다사471445
다사487454
다사472454
다사465472
다사459475
다사459470
다사469480
다사469478
다사480452
다사474451
다사488464
다사478441
다사463484
다사458469
다사468445
다사467481
다사471432
다사467436
다사478461
다사485462
다사478442
다사484458
다사479448
다사470445
다사482461
다사462463
다사481453
다사465444
다사477455
다사473439
다사479470
다사464442
다사467477
다사479460
다사472453
다사480459
다사461475
다사463489
다사481443
다사479471
다사470450
다사458467
다사501468
다사464483
다사504469
다사482458
다사478476
다사456476
다사483448
다사477443
다사464452
다사466451
다사466455
다사489454
다사484447
다사472436
다사461462
다사465443
다사463493
다사474453
다사489463
다사501467
다사502471
다사467453
다사461469
다사480446
다사455466
다사483463
다사475440
다사465465
다사481446
다사476443
다사470469
다사461465
다사464490
다사473475
다사470465
다사486453
다사477452
다사473451
다사467472
다사461464
다사458475
다사463477
다사461495
다사462483
다사496475
다사473444
다사468484
다사472485
다사473480
다사462458
다사476445
다사466464
다사465453
다사463460
다사471451
다사472445
다사483447
다사463476
다사454467
다사464455
다사463464
다사474449
다사467489
다사466452
다사478455
다사456470
다사466491
다사465470
다사469440
다사468447
다사496474
다사467444
다사463481
다사459468
다사477454
다사465440
다사485448
다사497469
다사466445
다사476481
다사496476
다사468475
다사475465
다사473485
다사472433
다사467480
다사474473
다사471464
다사482460
다사465448
다사458474
다사468439
다사457465
다사467468
다사477462
다사467462
다사475459
다사473433
다사471477
다사461489
다사488463
다사473482
다사482450
다사488458
다사474440
다사467475
다사466435
다사464477
다사470466
다사476457
다사486459
다사474479
다사467457
다사497471
다사484453
다사458476
다사480460
다사469456
다사471480
다사475471
다사466448
다사479449
다사473481
다사472441
다사469432
다사474471
다사457476
다사496472
다사495469
다사457473
다사478446
다사454469
다사477460
다사471465
다사465481
다사479467
다사486444
다사473441
다사463462
다사478468
다사472475
다사458470
다사462493
다사492468
다사501470
다사465474
다사495468
다사500471
다사470457
다사458465
다사473440
다사476454
다사475445
다사469443
다사466460
다사471471
다사469444
다사499470
다사497472
다사460474
다사482453
다사486447
다사465442
다사473431
다사464485
다사465441
다사469451
다사468488
다사462474
다사466459
다사479455
다사462472
다사466485
다사467440
다사455472
다사463467
다사468452
다사473460
다사461468
다사472440
다사470446
다사472458
다사462487
다사455474
다사466447
다사474459
다사455476
다사466482
다사481465
다사463474
다사471448
다사480472
다사466465
다사473438
다사475448
다사470432
다사466462
다사471460
다사459469
다사487449
다사475481
다사469468
다사487479
다사474484
다사487469
다사466439
다사468451
다사469485
다사466453
다사471481
다사472444
다사475437
다사476463
다사459496
다사476470
다사469434
다사464484
다사465477
다사487445
다사484445
다사487480
다사501469
다사472451
다사470468
다사486450
다사458473
다사470456
다사476472
다사480449
다사477472
다사461488
다사474446
다사465452
다사471486
다사463491
다사472470
다사472438
다사478470
다사500468
다사475468
다사471467
다사465475
다사483452
다사473461
다사483459
다사461494
다사472450
다사469477
다사477438
다사478478
다사492473
다사459472
다사462470
다사462468
다사454474
다사463472
다사463458
다사472464
다사473448
다사487464
다사463490
다사478450
다사487460
다사473484
다사468441
다사468438
다사480469
다사459471
다사486460
다사465458
다사468459
다사470442
다사481466
다사472435
다사482457
다사485464
다사459464
다사474482
다사474436
다사467438
다사479469
다사475480
다사479472
다사485460
다사486455
다사480447
다사472443
다사476462
다사463465
다사463461
다사483445
다사481459
다사465464
다사470448
다사473447
다사488468
다사475438
다사467478
다사471469
다사486456
다사483453
다사478458
다사485461
다사460475
다사463488
다사486461
다사469486
다사457470
다사465485
다사466471
다사465468
다사462471
다사474445
다사467488
다사459467
다사471453
다사456472
다사465438
다사486445
다사472455
다사491463
다사469449
다사489461
다사464488
다사499471
다사482452
다사478457
다사472480
다사459477
다사466440
다사462482
다사488481
다사471483
다사465476
다사477461
다사498474
다사486448
다사476475
다사474448
다사470481
다사475479
다사467450
다사476447
다사465491
다사489455
다사475435
다사476438
다사470473
다사492467
다사467433
다사479462
다사476451
다사473437
다사482463
다사469452
다사477475
다사476440
다사465492
다사476453
다사464482
다사467452
다사474485
다사464489
다사472463
다사474456
다사483457
다사472432
다사472434
다사466438
다사487447
다사475467
다사471442
다사461474
다사477441
다사461470
다사473479
다사472442
다사478456
다사483458
다사468471
다사489459
다사461461
다사473459
다사487446
다사471454
다사475461
다사489460
다사478463
다사485454
다사471487
다사480463
다사474457
다사467446
다사463466
다사482459
다사500472
다사491480
다사462489
다사473468
다사481461
다사476437
다사462460
다사469487
다사468454
다사470467
다사469465
다사478466
다사474465
다사461492
다사475446
다사467455
다사469482
다사471449
다사464473
다사488459
다사488457
다사481457
다사473450
다사464475
다사470463
다사487470
다사467486
다사465482
다사477449
다사473465
다사473442
다사464443
다사458466
다사473452
다사469471
다사465449
다사476436
다사469461
다사456464
다사458471
다사471440
다사460467
다사474468
다사492463
다사461497
다사451468
다사480478
다사466477
다사491465
다사479479
다사467461
다사471491
다사468499
다사458504
다사460489
다사488471
다사477483
다사455496
다사493464
다사469439
다사486477
다사469488
다사495478
다사506470
다사459460
다사485455
다사468497
다사468460
다사485465
다사478477
다사463483
다사482451
다사492489
다사465497
다사482483
다사453466
다사502475
다사491490
다사495488
다사499479
다사473486
다사452508
다사461477
다사494463
다사505483
다사470488
다사512465
다사464499
다사488466
다사486492
다사458462
다사494481
다사459502
다사475490
다사461502
다사498487
다사484484
다사505479
다사475463
다사464440
다사509467
다사498485
다사500488
다사458499
다사458492
다사455503
다사493482
다사459488
다사511473
다사500487
다사498465
다사502488
다사481483
다사505465
다사502477
다사478464
다사511481
다사480485
다사512467
다사501482
다사452504
다사509477
다사508468
다사477464
다사470494
다사483485
다사497486
다사457479
다사467494
다사503474
다사504488
다사463446
다사465501
다사499476
다사483476
다사508470
다사468489
다사459479
다사468491
다사489467
다사488474
다사478483
다사462479
다사484468
다사462498
다사478485
다사459482
다사495485
다사468481
다사452502
다사501464
다사482486
다사462500
다사485443
다사463468
다사466468
다사502473
다사490475
다사501473
다사465454
다사474489
다사458506
다사512477
다사493478
다사464441
다사508466
다사497483
다사500482
다사470490
다사466433
다사480486
다사463480
다사479476
다사450505
다사458493
다사457494
다사479475
다사454477
다사477486
다사456498
다사486474
다사477492
다사496490
다사492475
다사485488
다사487481
다사492487
다사497489
다사483451
다사494476
다사464478
다사501488
다사457503
다사465495
다사463502
다사463479
다사496477
다사498477
다사453502
다사459492
다사490466
다사510468
다사460459
다사451472
다사460485
다사500491
다사459490
다사476482
다사483454
다사469460
다사454502
다사496479
다사472465
다사499480
다사493488
다사508477
다사499491
다사482482
다사451467
다사453468
다사470492
다사453475
다사480479
다사466496
다사495466
다사495463
다사461498
다사471492
다사468496
다사477481
다사487444
다사453508
다사465466
다사472492
다사479463
다사456497
다사457504
다사459480
다사455497
다사505487
다사497465
다사450475
다사482479
다사505474
다사496483
다사462502
다사481488
다사460488
다사463448
다사500475
다사458480
다사479484
다사506479
다사455506
다사488447
다사491484
다사452477
다사467496
다사470491
다사511478
다사504484
다사465494
다사491468
다사482484
다사481471
다사481487
다사490468
다사481482
다사488488
다사503481
다사504466
다사452472
다사481474
다사462480
다사484470
다사494469
다사483488
다사480482
다사505478
다사502481
다사458461
다사496463
다사490465
다사483473
다사487489
다사509482
다사487477
다사501476
다사481486
다사461485
다사464450
다사483467
다사492486
다사466497
다사472491
다사505469
다사456504
다사504475
다사463475
다사473494
다사475492
다사456479
다사466484
다사485474
다사480491
다사487485
다사494490
다사480487
다사455477
다사485489
다사479488
다사502474
다사501484
다사498490
다사506464
다사508471
다사463456
다사478489
다사482474
다사460460
다사485478
다사460492
다사465437
다사502466
다사454501
다사502472
다사464466
다사490485
다사487482
다사497488
다사507473
다사483484
다사471475
다사463503
다사495464
다사501480
다사502487
다사465498
다사476492
다사454497
다사499489
다사497490
다사494468
다사452505
다사475491
다사465479
다사491477
다사511465
다사484480
다사461501
다사465451
다사496470
다사505477
다사509470
다사484486
다사467498
다사450467
다사450468
다사460504
다사503476
다사499483
다사497479
다사461479
다사494486
다사464468
다사494487
다사495470
다사461480
다사501481
다사505480
다사468493
다사470485
다사479487
다사488478
다사452467
다사458491
다사486481
다사495490
다사512473
다사456503
다사495486
다사496480
다사452471
다사481469
다사454504
다사493483
다사456506
다사463485
다사459501
다사466501
다사507465
다사492460
다사511469
다사474487
다사467495
다사485452
다사489476
다사487486
다사481472
다사490483
다사481492
다사486485
다사457492
다사487492
다사498468
다사491491
다사500485
다사481484
다사479464
다사504479
다사509469
다사451508
다사477487
다사485456
다사500490
다사505466
다사466475
다사507481
다사508480
다사488475
다사497482
다사506486
다사504486
다사453476
다사491476
다사503472
다사512472
다사492481
다사453472
다사513468
다사511471
다사458498
다사501483
다사457478
다사477437
다사490482
다사493486
다사508482
다사452473
다사453506
다사463447
다사502483
다사486488
다사487453
다사490470
다사486471
다사500464
다사510471
다사460486
다사452501
다사464495
다사453470
다사485483
다사486469
다사507468
다사493474
다사507476
다사506473
다사478486
다사480488
다사477485
다사463451
다사511476
다사499477
다사481491
다사495481
다사499474
다사467501
다사511470
다사483471
다사475434
다사502482
다사453465
다사490480
다사491487
다사458505
다사494472
다사469492
다사501490
다사497478
다사480475
다사469496
다사497485
다사487467
다사504478
다사467492
다사481470
다사512471
다사513471
다사482491
다사503483
다사490467
다사499482
다사468492
다사456505
다사489473
다사478487
다사480442
다사495487
다사496471
다사512478
다사471430
다사494489
다사504474
다사503478
다사486467
다사513467
다사479490
다사508472
다사489478
다사454506
다사485472
다사490491
다사495474
다사453503
다사494479
다사507480
다사481490
다사451504
다사474490
다사513473
다사485490
다사490486
다사451502
다사485491
다사501478
다사482472
다사500479
다사489466
다사493487
다사463500
다사494477
다사512479
다사489481
다사455469
다사506474
다사451505
다사504485
다사469495
다사508478
다사457462
다사486489
다사494473
다사504483
다사463469
다사484483
다사495491
다사485485
다사463501
다사467460
다사463452
다사495467
다사469463
다사508473
다사496481
다사508481
다사455470
다사452476
다사481485
다사463494
다사472487
다사498483
다사471488
다사488473
다사484490
다사483492
다사505485
다사489451
다사503485
다사473478
다사493461
다사456462
다사501479
다사460502
다사506471
다사494464
다사512468
다사506465
다사473490
다사488485
다사461481
다사499481
다사458489
다사490478
다사505476
다사473488
다사485484
다사479477
다사483474
다사478479
다사454465
다사491488
다사483486
다사491475
다사505467
다사487476
다사491471
다사454508
다사507472
다사459487
다사487473
다사494488
다사456496
다사479481
다사469500
다사453507
다사452500
다사466498
다사507484
다사504471
다사496488
다사510465
다사459499
다사468466
다사490477
다사501475
다사468431
다사484475
다사464493
다사473492
다사498489
다사469464
다사487465
다사467491
다사509466
다사483470
다사482471
다사500483
다사472466
다사469494
다사505472
다사456494
다사496487
다사487488
다사506476
다사461459
다사495479
다사460498
다사495471
다사461486
다사512475
다사457493
다사489490
다사509472
다사510478
다사488492
다사460487
다사493471
다사509471
다사456502
다사482468
다사480489
다사459483
다사463495
다사505470
다사506477
다사464502
다사466494
다사502467
다사491458
다사484482
다사491489
다사493489
다사507471
다사453464
다사503477
다사470498
다사499488
다사483491
다사507485
다사451473
다사484478
다사510469
다사507467
다사502464
다사477489
다사500486
다사488486
다사507486
다사467493
다사468463
다사484485
다사492474
다사489489
다사507475
다사475486
다사499464
다사483479
다사476435
다사491457
다사489477
다사465455
다사484473
다사494483
다사483480
다사458503
다사454503
다사469431
다사470493
다사511472
다사481480
다사511467
다사508485
다사458501
다사495489
다사478480
다사482476
다사459493
다사475451
다사509483
다사461483
다사498491
다사454464
다사481478
다사460503
다사502485
다사485479
다사493490
다사489483
다사463497
다사462496
다사464500
다사457490
다사455504
다사508465
다사506482
다사463486
다사496473
다사452507
다사506483
다사480481
다사466466
다사511480
다사482478
다사507466
다사451506
다사499465
다사486476
다사480477
다사486468
다사496465
다사463455
다사464453
다사488483
다사491473
다사492480
다사460497
다사451469
다사499478
다사452466
다사495475
다사484474
다사510482
다사450503
다사480476
다사460499
다사487468
다사484488
다사502479
다사484491
다사469493
다사472495
다사506478
다사474477
다사464492
다사509468
다사457496
다사493485
다사508484
다사468498
다사453471
다사498492
다사511479
다사462499
다사482481
다사488491
다사453505
다사480490
다사497463
다사498480
다사453467
다사483472
다사497484
다사461500
다사509474
다사494484
다사490454
다사499485
다사486491
다사464498
다사471494
다사470476
다사495465
다사501489
다사481442
다사500474
다사485481
다사500473
다사474450
다사493476
다사503475
다사470430
다사487474
다사480484
다사511468
다사509476
다사467484
다사493479
다사491486
다사461482
다사466467
다사485451
다사492484
다사462490
다사496466
다사457502
다사452469
다사484452
다사480473
다사455498
다사456477
다사471490
다사483483
다사467500
다사489465
다사502465
다사470489
다사510473
다사506487
다사461503
다사510479
다사503473
다사453474
다사482475
다사477440
다사462486
다사469490
다사475487
다사464467
다사476485
다사465496
다사486480
다사491464
다사466461
다사493480
다사491470
다사464494
다사494480
다사463492
다사506481
다사490489
다사490484
다사473487
다사465499
다사506467
다사450506
다사476464
다사510483
다사474432
다사458463
다사477482
다사508476
다사471497
다사482473
다사460478
다사472494
다사503466
다사510481
다사460481
다사481468
다사511475
다사493470
다사503482
다사513478
다사496491
다사490490
다사507470
다사468494
다사482488
다사460483
다사496478
다사484487
다사484467
다사507483
다사495483
다사492483
다사503467
다사481444
다사500480
다사489484
다사500481
다사511466
다사470497
다사456507
다사461504
다사496485
다사453504
다사510472
다사498479
다사452470
다사464497
다사480464
다사453501
다사474492
다사458478
다사476484
다사493481
다사459461
다사496492
다사491478
다사465467
다사482489
다사484466
다사501465
다사454499
다사507479
다사455478
다사465436
다사456495
다사487471
다사485492
다사459503
다사504472
다사457461
다사505468
다사467497
다사503479
다사494475
다사452474
다사508467
다사486483
다사502484
다사503487
다사505486
다사460484
다사452509
다사496484
다사483481
다사513477
다사462503
다사453509
다사505475
다사490471
다사458488
다사490472
다사484469
다사455501
다사490456
다사509465
다사480483
다사486490
다사479486
다사460471
다사455499
다사485467
다사486449
다사509473
다사479478
다사476489
다사452468
다사472489
다사475488
다사495480
다사486484
다사488448
다사501472
다사457499
다사506475
다사454498
다사501477
다사462495
다사504464
다사509479
다사488465
다사510467
다사492464
다사483489
다사483469
다사487490
다사460482
다사497468
다사494471
다사460479
다사493484
다사465493
다사486482
다사451466
다사511477
다사513474
다사454463
다사466478
다사460490
다사463498
다사476488
다사476487
다사509484
다사460500
다사497492
다사483449
다사492477
다사469499
다사483450
다사504482
다사509475
다사492479
다사485470
다사482487
다사495477
다사496489
다사472430
다사505481
다사471489
다사497481
다사480468
다사498482
다사461460
다사507478
다사481479
다사496467
다사494485
다사498484
다사489468
다사492485
다사510477
다사451470
다사459478
다사483487
다사482469
다사457480
다사471484
다사484492
다사489486
다사484476
다사467432
다사474486
다사478443
다사464479
다사492471
다사472462
다사484455
다사486443
다사489472
다사506469
다사507469
다사485480
다사470431
다사477490
다사513475
다사484471
다사469498
다사478481
다사475447
다사512470
다사474466
다사501466
다사500476
다사504480
다사469481
다사464496
다사503465
다사479492
다사461499
다사479480
다사510480
다사465471
다사484481
다사513470
다사505464
다사454476
다사451475
다사467499
다사486465
다사461484
다사492482
다사460480
다사451507
다사458479
다사462485
다사457497
다사454505
다사489470
다사513469
다사494478
다사512476
다사479485
다사472490
다사513472
다사476491
다사488484
다사503480
다사474488
다사489488
다사455502
다사459505
다사471496
다사498464
다사512474
다사503489
다사459500
다사452465
다사473489
다사485473
다사492490
다사455500
다사457498
다사491483
다사504473
다사489492
다사510475
다사494482
다사466434
다사490487
다사484472
다사482490
다사456499
다사498478
다사497464
다사477491
다사487466
다사468461
다사501486
다사487484
다사493477
다사473462
다사450466
다사458500
다사462501
다사481477
다사488472
다사510470
다사471493
다사487452
다사486487
다사450469
다사500478
다사478438
다사481475
다사483478
다사497480
다사452475
다사490474
다사450504
다사460501
다사458495
다사478484
다사492472
다사494467
다사490492
다사490488
다사481489
다사498486
다사457506
다사479491
다사493472
다사464451
다사462477
다사491482
다사469497
다사499487
다사489471
다사507482
다사456500
다사457491
다사493468
다사499466
다사513476
다사455462
다사494470
다사460469
다사465469
다사466454
다사488467
다사487475
다사509480
다사495484
다사510476
다사488489
다사486473
다사493473
다사472493
다사487483
다사503464
다사463449
다사506466
다사486472
다사510474
다사489475
다사499469
다사457500
다사467490
다사506485
다사452506
다사479482
다사485487
다사494465
다사496482
다사508469
다사457501
다사466493
다사504477
다사483468
다사462457
다사487487
다사475489
다사498469
다사478492
다사504481
다사451474
다사478490
다사462497
다사463457
다사487472
다사490476
다사504476
다사488477
다사480480
다사463454
다사468495
다사491459
다사477484
다사497466
다사465500
다사476490
다사494474
다사505484
다사462456
다사454470
다사485471
다사493463
다사506480
다사503488
다사482477
다사500484
다사498476
다사498481
다사453469
다사488490
다사495482
다사483477
다사492488
다사469476
다사499486
다사488487
다사451503
다사498488
다사472488
다사473493
다사463453
다사463496
다사466500
다사451471
다사478444
다사483490
다사497477
다사461496
다사489491
다사493465
다사496486
다사506484
다사509481
다사474491
다사491485
다사475485
다사479489
다사476486
다사455505
다사485468
다사461487
다사469489
다사483482
다사469462
다사508475
다사499484
다사471461
다사469491
다사504465
다사464486
다사502486
다사509478
다사458494
다사466495
다사456501
다사461458
다사463499
다사467469
다사500465
다사497487
다사450474
다사503484
다사457505
다사465483
다사490479
다사455508
다사485482
다사498472
다사508479
다사488482
다사490473
다사492476
다사473491
다사496464
다사486466
다사484479
다사506472
다사470496
다사508474
다사498470
다사502480
다사485486
다사493460
다사478482
다사502476
다사480492
다사489474
다사464501
다사503486
다사499475
다사492465
다사507474
다사495472
다사455507
다사474493
다사453500
다사461478
다사502489
다사499490
다사481481
다사490481
다사455465
다사473466
다사482470
다사452503
다사489485
다사492478
다사454500
다사497491
다사495473
다사464446
다사512466
다사463487
다사476483
다사500489
다사454507
다사470495
다사470482
다사486486
다사501487
다사478491
다사501485
다사468500
다사505471
다사505473
다사512469
다사458490
다사462478
다사481476
다사458497
다사453499
다사479440
다사487491
다사489487
다사478488
다사483475
다사464465
다사458496
다사471495
다사468490
다사485469
다사507477
다사459498
다사479483
다사458502
다사491466
다사459504
다사511474
다사457495
다사459497
다사488476
다사504487
다사491474
다사508483
다사456478
다사480474
다사463450
다사502478
다사492470
다사482485
다사510466
다사482480
다사481473
다사459489
다사513466
다사453477
다사482492
다사459491
다사477488
다사505482
다사455463
다사484489
다사489482
다사466499
다사506468
다사473458
다사493475
다사501474
다사500477
다사403486
다사410491
다사430468
다사418475
다사449484
다사411486
다사427459
다사443496
다사411484
다사433473
다사421464
다사442469
다사416475
다사430473
다사417468
다사440487
다사451489
다사416477
다사427472
다사418466
다사441483
다사453493
다사419466
다사451490
다사427461
다사442495
다사420476
다사438501
다사423473
다사425478
다사449488
다사440457
다사406480
다사427477
다사437460
다사442457
다사413469
다사440470
다사448463
다사447471
다사449471
다사454490
다사427471
다사440454
다사437472
다사425469
다사440491
다사407488
다사428468
다사435459
다사446463
다사414470
다사439491
다사423470
다사428470
다사430477
다사435470
다사430462
다사441479
다사403490
다사439461
다사446492
다사416465
다사417474
다사447466
다사414479
다사409482
다사413468
다사438463
다사406484
다사408483
다사440488
다사438485
다사443490
다사444471
다사407458
다사442501
다사432470
다사444466
다사451487
다사411479
다사447480
다사427460
다사436462
다사425459
다사413472
다사410473
다사433462
다사440493
다사426476
다사443462
다사445493
다사406487
다사417455
다사437463
다사447463
다사448474
다사406486
다사438496
다사408482
다사434462
다사439502
다사413473
다사425471
다사432474
다사445484
다사449468
다사419476
다사426461
다사420474
다사413459
다사446464
다사439498
다사406463
다사448471
다사417458
다사419467
다사408487
다사422474
다사417465
다사437488
다사438499
다사447496
다사449490
다사411463
다사446495
다사414482
다사418462
다사438461
다사403472
다사452488
다사410489
다사442492
다사441463
다사445491
다사411491
다사456483
다사445497
다사406493
다사426460
다사447491
다사412478
다사423467
다사417467
다사405494
다사429468
다사447498
다사423460
다사443473
다사447485
다사441491
다사419470
다사443499
다사444499
다사444496
다사447462
다사445464
다사446498
다사439483
다사412486
다사447479
다사426475
다사439495
다사442456
다사410483
다사421477
다사443498
다사429476
다사440479
다사447465
다사452493
다사436478
다사438457
다사417470
다사406466
다사413481
다사415478
다사428471
다사447495
다사451485
다사445466
다사448478
다사453496
다사439469
다사453487
다사438482
다사444493
다사446484
다사413462
다사444467
다사448498
다사440455
다사456484
다사422465
다사443497
다사454487
다사437459
다사442487
다사444477
다사453489
다사440472
다사439492
다사409473
다사436475
다사440486
다사447473
다사451492
다사416470
다사438456
다사453485
다사412473
다사439467
다사439474
다사444487
다사429465
다사446490
다사444462
다사405483
다사441488
다사416474
다사425475
다사433464
다사412468
다사414480
다사428475
다사435460
다사442470
다사428460
다사449487
다사452491
다사436463
다사440485
다사441497
다사421473
다사433478
다사441500
다사428477
다사441474
다사443472
다사444492
다사445494
다사442483
다사423477
다사410485
다사408492
다사410482
다사429463
다사421467
다사448467
다사435475
다사445483
다사407490
다사409474
다사417475
다사429460
다사413460
다사446496
다사423469
다사430470
다사447475
다사411468
다사448475
다사450484
다사411473
다사412453
다사408480
다사418467
다사422459
다사454489
다사442493
다사442496
다사425476
다사438467
다사404487
다사438481
다사424465
다사429475
다사431478
다사434479
다사446473
다사443481
다사423472
다사449466
다사422460
다사448490
다사405485
다사414481
다사433474
다사418457
다사445495
다사406496
다사414472
다사419461
다사405489
다사442499
다사420467
다사439457
다사411480
다사442466
다사420455
다사423474
다사436454
다사446487
다사454492
다사429469
다사415471
다사434472
다사442476
다사448464
다사437454
다사433475
다사413480
다사436474
다사437498
다사427470
다사447474
다사433465
다사438497
다사440496
다사437458
다사442486
다사444482
다사419465
다사445475
다사413465
다사409485
다사436476
다사409491
다사443487
다사448470
다사440456
다사409460
다사443465
다사437500
다사416469
다사450471
다사437461
다사404484
다사419460
다사446494
다사424477
다사442497
다사444463
다사451493
다사425465
다사455488
다사421470
다사429478
다사404461
다사438472
다사416468
다사433472
다사410469
다사449469
다사408484
다사420472
다사432462
다사447483
다사414469
다사453483
다사438493
다사427473
다사449497
다사439487
다사454491
다사433459
다사426478
다사428473
다사426470
다사419455
다사404486
다사448497
다사432460
다사406491
다사445498
다사455485
다사438474
다사438480
다사419456
다사424464
다사411487
다사434477
다사436495
다사443464
다사455486
다사414464
다사407484
다사411492
다사438502
다사440489
다사407497
다사415459
다사441481
다사404489
다사422469
다사432471
다사437494
다사442490
다사446493
다사412487
다사431462
다사417459
다사418464
다사411481
다사420468
다사411472
다사429473
다사438475
다사403481
다사409479
다사453486
다사405491
다사418469
다사447477
다사433461
다사411455
다사413475
다사437464
다사449496
다사433471
다사443485
다사444472
다사412461
다사414459
다사448495
다사429471
다사443478
다사408462
다사442498
다사408465
다사411488
다사418474
다사449489
다사430471
다사433470
다사434469
다사404483
다사452495
다사412480
다사429470
다사447468
다사446465
다사446497
다사450482
다사409469
다사437453
다사439503
다사404463
다사444490
다사444488
다사428469
다사427476
다사439493
다사441486
다사410474
다사438498
다사439475
다사440465
다사427469
다사407461
다사424473
다사407472
다사415476
다사444495
다사432459
다사417460
다사448492
다사408459
다사411469
다사415464
다사405461
다사441464
다사405463
다사444461
다사420470
다사425472
다사435479
다사441471
다사423468
다사437468
다사442479
다사433468
다사404471
다사433479
다사436464
다사416462
다사433466
다사440474
다사441495
다사419469
다사413479
다사433457
다사449463
다사409470
다사434468
다사437462
다사444464
다사433476
다사438489
다사437487
다사411483
다사435469
다사404482
다사440463
다사414475
다사438484
다사412466
다사436461
다사456488
다사410466
다사448466
다사438492
다사452486
다사431477
다사441482
다사406492
다사428461
다사407465
다사446462
다사437493
다사434459
다사445474
다사413461
다사412489
다사447487
다사448465
다사439463
다사420471
다사448487
다사421472
다사444494
다사445472
다사413476
다사439497
다사417471
다사417469
다사448469
다사413453
다사431475
다사446489
다사449495
다사409471
다사432461
다사406489
다사407481
다사422473
다사457484
다사409487
다사415469
다사408470
다사440462
다사405490
다사434471
다사445471
다사407482
다사446467
다사449467
다사419473
다사435476
다사433458
다사426471
다사438486
다사437495
다사440494
다사439478
다사441499
다사439470
다사418473
다사446474
다사436460
다사405471
다사407480
다사430466
다사407495
다사414456
다사442489
다사445461
다사408486
다사438466
다사437499
다사425466
다사438503
다사452492
다사412474
다사432467
다사444489
다사406497
다사436470
다사431470
다사414483
다사419464
다사427475
다사430475
다사446486
다사433469
다사446470
다사444491
다사413474
다사415467
다사417466
다사448486
다사449482
다사429461
다사436458
다사444480
다사437496
다사438488
다사412485
다사412488
다사410479
다사411456
다사435474
다사404492
다사440502
다사444483
다사437476
다사449464
다사440475
다사436455
다사416472
다사420473
다사427462
다사439500
다사446468
다사409492
다사436457
다사440498
다사422468
다사446466
다사446469
다사434455
다사448489
다사454494
다사428466
다사402486
다사405492
다사450488
다사441490
다사407487
다사418460
다사419474
다사431469
다사443476
다사412455
다사432475
다사410477
다사429464
다사439480
다사443455
다사438454
다사420466
다사408474
다사418461
다사429466
다사448488
다사419468
다사409468
다사439453
다사405472
다사424470
다사447484
다사412462
다사442491
다사414465
다사435464
다사415468
다사404490
다사434465
다사437457
다사409459
다사434470
다사416459
다사430465
다사446472
다사408481
다사431467
다사451491
다사402484
다사433467
다사439456
다사444465
다사422467
다사426464
다사432466
다사432468
다사434463
다사436477
다사407494
다사418470
다사426472
다사437486
다사443494
다사444498
다사414474
다사440477
다사450489
다사408461
다사415472
다사443468
다사453495
다사411489
다사409467
다사443467
다사448482
다사412465
다사449465
다사441470
다사415475
다사440497
다사438500
다사454493
다사410471
다사442462
다사450472
다사407483
다사413484
다사443482
다사444485
다사435468
다사456487
다사406488
다사433477
다사442471
다사410470
다사412481
다사434475
다사425468
다사412469
다사450498
다사415460
다사417463
다사408460
다사426465
다사430469
다사436456
다사430474
다사450483
다사457486
다사416458
다사410468
다사438483
다사454484
다사413477
다사411457
다사417464
다사437477
다사442494
다사405465
다사432464
다사411453
다사446475
다사448480
다사454483
다사440495
다사444468
다사440482
다사441472
다사440483
다사442482
다사411454
다사419471
다사427474
다사405481
다사442474
다사404491
다사416467
다사454486
다사445482
다사405486
다사431476
다사440501
다사445476
다사435456
다사439482
다사442484
다사443479
다사435472
다사439485
다사402483
다사453498
다사436473
다사410487
다사425473
다사454496
다사412479
다사405464
다사420454
다사440453
다사436471
다사441457
다사428478
다사421465
다사438495
다사411476
다사434464
다사455484
다사428465
다사432476
다사436459
다사437474
다사404485
다사439486
다사440480
다사449473
다사457485
다사419475
다사407493
다사438478
다사409493
다사428476
다사438470
다사454485
다사452484
다사417473
다사447470
다사449470
다사430476
다사437469
다사441493
다사409480
다사442473
다사443492
다사439455
다사443456
다사403482
다사448462
다사432473
다사436472
다사413485
다사410472
다사440500
다사407486
다사422470
다사403484
다사422475
다사439464
다사452496
다사431468
다사441458
다사404472
다사411474
다사438487
다사414477
다사428459
다사434456
다사437455
다사438455
다사411485
다사441498
다사450491
다사434467
다사412482
다사413464
다사437466
다사452485
다사421476
다사445486
다사428474
다사439494
다사440464
다사447489
다사441468
다사405482
다사409486
다사411459
다사435463
다사444473
다사449472
다사430461
다사443489
다사441485
다사410490
다사412470
다사426474
다사440458
다사456485
다사438473
다사443474
다사447492
다사410492
다사410493
다사438490
다사409483
다사444470
다사410481
다사421468
다사410459
다사430472
다사429462
다사424472
다사439479
다사421466
다사421469
다사424475
다사447497
다사407489
다사408491
다사413470
다사411461
다사435458
다사441487
다사420475
다사440484
다사409461
다사421475
다사419454
다사437475
다사405488
다사411477
다사416473
다사420456
다사422472
다사442468
다사418472
다사452489
다사406483
다사455483
다사408473
다사401490
다사407459
다사438452
다사440490
다사437456
다사415462
다사453497
다사436496
다사434466
다사439477
다사442488
다사423475
다사443458
다사439489
다사432478
다사425464
다사409489
다사449491
다사422477
다사443491
다사445492
다사447472
다사450490
다사424466
다사442478
다사429472
다사451496
다사406490
다사403487
다사411462
다사443471
다사413467
다사441484
다사406482
다사441501
다사408471
다사407466
다사419458
다사447488
다사415461
다사417476
다사449498
다사416463
다사419463
다사410475
다사419472
다사445489
다사428472
다사402485
다사441492
다사447494
다사410480
다사437485
다사435462
다사435466
다사427468
다사414468
다사439481
다사415479
다사428467
다사443495
다사411490
다사424471
다사407485
다사418468
다사435471
다사412477
다사408458
다사416476
다사438479
다사442485
다사443493
다사409481
다사447464
다사413483
다사432477
다사412484
다사431471
다사415474
다사437478
다사403485
다사416461
다사424469
다사439501
다사442475
다사412471
다사409484
다사450497
다사431472
다사424474
다사418459
다사438464
다사442477
다사415465
다사409488
다사423465
다사450486
다사451498
다사433463
다사448472
다사442481
다사433460
다사445496
다사406474
다사418456
다사434476
다사441477
다사445465
다사434474
다사453490
다사412467
다사445468
다사406495
다사414476
다사438469
다사439468
다사408472
다사429474
다사440481
다사410476
다사451483
다사451484
다사446488
다사406472
다사415477
다사426469
다사416466
다사405484
다사422471
다사444474
다사440478
다사445490
다사446491
다사456486
다사413482
다사431466
다사439496
다사450492
다사452497
다사421474
다사426468
다사408490
다사409472
다사443477
다사436479
다사441494
다사450473
다사417472
다사434478
다사448473
다사449492
다사408489
다사437473
다사437497
다사427465
다사431473
다사447486
다사407474
다사414478
다사436497
다사406481
다사448496
다사452487
다사429467
다사405487
다사418476
다사434461
다사408485
다사410465
다사440471
다사441462
다사418471
다사424467
다사452490
다사418465
다사444497
다사437479
다사416460
다사444484
다사453492
다사446471
다사410484
다사435455
다사412454
다사420469
다사438491
다사439499
다사413478
다사424476
다사443486
다사441456
다사408488
다사423476
다사436467
다사441476
다사443488
다사415466
다사432463
다사440476
다사404473
다사406473
다사435478
다사411482
다사423471
다사439488
다사423466
다사422466
다사414467
다사427464
다사446483
다사404481
다사407462
다사418463
다사440499
다사429477
다사432472
다사445473
다사425467
다사451486
다사417456
다사432465
다사442465
다사420457
다사436466
다사430478
다사412483
다사434460
다사439490
다사452483
다사414466
다사417462
다사443484
다사405493
다사448493
다사435465
다사441475
다사407473
다사425470
다사407464
다사441469
다사414473
다사438453
다사447482
다사455487
다사414460
다사424468
다사446482
다사443466
다사410458
다사438468
다사406494
다사439476
다사411471
다사407460
다사410478
다사441496
다사413471
다사447467
다사445485
다사411478
다사409465
다사426459
다사422476
다사416464
다사413466
다사430467
다사421457
다사451488
다사435461
다사453484
다사416478
다사408493
다사412472
다사432469
다사441489
다사425477
다사426477
다사410488
다사442472
다사445467
다사415473
다사443463
다사411465
다사445470
다사439484
다사443470
다사435477
다사442458
다사431474
다사430460
다사403483
다사407496
다사448468
다사409466
다사445462
다사421471
다사435467
다사438494
다사453488
다사440492
다사438462
다사409490
다사447469
다사411470
다사415470
다사428462
다사442500
다사426473
다사437467
다사406485
다사453491
다사410486
다사408464
다사416471
다사408495
다사449493
다사405458
다사458487
다사437484
다사404494
다사451469
다사444476
다사448484
다사407479
다사411460
다사423458
다사439473
다사455496
다사429458
다사434454
다사448460
다사406462
다사422457
다사443475
다사437492
다사408494
다사454479
다사436498
다사412456
다사444452
다사456489
다사442463
다사449479
다사410464
다사423478
다사449459
다사409456
다사409458
다사402490
다사403462
다사406500
다사442452
다사406477
다사401487
다사404464
다사413452
다사424463
다사446477
다사414471
다사412463
다사456490
다사405456
다사457482
다사440466
다사401489
다사449477
다사438476
다사406476
다사423457
다사421456
다사441467
다사459488
다사447458
다사406470
다사409462
다사425462
다사442480
다사422464
다사438471
다사420477
다사439460
다사457479
다사403467
다사446476
다사410462
다사442467
다사461482
다사403489
다사411466
다사437481
다사449475
다사444455
다사407478
다사405470
다사402461
다사412464
다사408454
다사444479
다사403457
다사409455
다사459482
다사414458
다사456480
다사447490
다사403471
다사448459
다사446457
다사415452
다사458485
다사402491
다사410456
다사435473
다사406478
다사409463
다사446480
다사407477
다사457488
다사431459
다사426466
다사449485
다사442459
다사453494
다사451495
다사403464
다사405474
다사409454
다사413456
다사412450
다사419457
다사458482
다사405469
다사428463
다사403492
다사421460
다사450478
다사455489
다사441473
다사408469
다사407471
다사405459
다사411458
다사452480
다사440473
다사430459
다사406479
다사457494
다사423461
다사454477
다사423459
다사437501
다사402487
다사425463
다사443457
다사441453
다사449494
다사413450
다사418455
다사408479
다사427458
다사447454
다사426458
다사436494
다사451472
다사460485
다사450493
다사460481
다사412452
다사404462
다사404465
다사447459
다사409476
다사428458
다사446455
다사430464
다사453475
다사460483
다사414461
다사441459
다사400485
다사439462
다사405480
다사445479
다사405475
다사425460
다사425458
다사443461
다사415457
다사452494
다사459480
다사451477
다사455497
다사425474
다사450475
다사407457
다사431457
다사445452
다사420459
다사440468
다사447493
다사449499
다사438458
다사458480
다사431464
다사454499
다사457481
다사427467
다사456491
다사403461
다사455478
다사407492
다사409457
다사456495
다사404497
다사445469
다사452477
다사432458
다사406475
다사445454
다사440503
다사405499
다사449478
다사455492
다사457489
다사401465
다사403480
다사413457
다사460484
다사400490
다사422463
다사447457
다사446459
다사408477
다사412457
다사452482
다사421462
다사458488
다사402482
다사451465
다사410452
다사405462
다사443469
다사403469
다사420460
다사437502
다사439471
다사438477
다사444456
다사410467
다사413451
다사448481
다사444454
다사405460
다사461485
다사409478
다사446479
다사409452
다사407498
다사448458
다사418454
다사416452
다사450480
다사408467
다사406459
다사448499
다사454498
다사404468
다사403468
다사447453
다사439466
다사441465
다사436469
다사456479
다사400486
다사407463
다사424461
다사447456
다사421463
다사455477
다사450464
다사449461
다사453481
다사410457
다사439472
다사453482
다사437471
다사460482
다사418453
다사445458
다사422462
다사409477
다사430458
다사443459
다사404466
다사431461
다사452498
다사451466
다사408468
다사452481
다사431479
다사445477
다사451497
다사404460
다사413463
다사445481
다사407456
다사449476
다사455490
다사435454
다사433455
다사447478
다사413454
다사444453
다사454497
다사441480
다사403465
다사401464
다사443483
다사431463
다사408497
다사406460
다사408496
다사416455
다사451470
다사412458
다사450467
다사421459
다사450468
다사411451
다사457480
다사408498
다사447499
다사445488
다사432457
다사441455
다사446481
다사451478
다사436468
다사441502
다사423464
다사447476
다사406469
다사443454
다사408499
다사407468
다사446499
다사433456
다사449486
다사453479
다사404495
다사420461
다사403488
다사402460
다사437489
다사447460
다사403466
다사443500
다사451475
다사406457
다사439458
다사446461
다사461484
다사423462
다사460480
다사402466
다사420465
다사457492
다사443460
다사454495
다사406456
다사404469
다사454482
다사429479
다사408457
다사442460
다사410454
다사402463
다사405466
다사447461
다사459481
다사444469
다사454481
다사426467
다사406464
다사445478
다사405500
다사446454
다사442453
다사451479
다사410463
다사459484
다사416456
다사453476
다사444478
다사448494
다사423463
다사411493
다사424460
다사440469
다사434473
다사450495
다사441466
다사408475
다사400492
다사411464
다사415453
다사420463
다사405479
다사414455
다사458481
다사412451
다사450477
다사422456
다사437483
다사400491
다사455494
다사406471
다사460486
다사407469
다사448479
다사415458
다사457487
다사455482
다사413455
다사455491
다사410460
다사417461
다사431458
다사450466
다사451476
다사414463
다사449480
다사450469
다사412460
다사435457
다사412475
다사415480
다사428464
다사434457
다사452475
다사403463
다사402462
다사411467
다사417457
다사445455
다사421458
다사450485
다사459486
다사408476
다사442464
다사448477
다사411450
다사429459
다사409464
다사421455
다사407470
다사401491
다사403473
다사457491
다사415463
다사406468
다사414450
다사440467
다사412490
다사451481
다사425457
다사402489
다사453480
다사405457
다사409453
다사447455
다사418458
다사437470
다사414453
다사414451
다사446478
다사405496
다사444458
다사414454
다사441454
다사444457
다사451499
다사451482
다사432479
다사454480
다사452478
다사439459
다사450479
다사426462
다사436465
다사450487
다사427463
다사404475
다사451474
다사442461
다사416453
다사407467
다사454478
다사441461
다사446452
다사406498
다사427478
다사450463
다사414452
다사431465
다사417454
다사449474
다사414462
다사421461
다사402459
다사415454
다사446453
다사417477
다사404470
다사441478
다사406467
다사437465
다사444481
다사434458
다사449483
다사410453
다사450465
다사456492
다사404467
다사445459
다사438504
다사440459
다사455495
다사452476
다사402493
다사450462
다사415455
다사450496
다사420462
다사451471
다사408456
다사445457
다사430457
다사438465
다사403459
다사431460
다사415451
다사440460
다사405468
다사418477
다사437480
다사411475
다사408455
다사436453
다사450481
다사406465
다사450461
다사419462
다사448457
다사407491
다사414457
다사449458
다사403493
다사450476
다사451494
다사461481
다사404488
다사447481
다사458489
다사404496
다사401484
다사444475
다사439465
다사442455
다사424458
다사452479
다사446460
다사419477
다사439454
다사443453
다사419459
다사407499
다사404493
다사458483
다사405495
다사425461
다사450474
다사459487
다사457483
다사424478
다사415481
다사404458
다사456496
다사420458
다사438459
다사437482
다사444459
다사420464
다사452500
다사455479
다사407475
다사424462
다사415456
다사445499
다사448485
다사410461
다사408466
다사417453
다사450499
다사406499
다사426463
다사449481
다사441460
다사402488
다사445451
다사408463
다사408453
다사456494
다사450494
다사452499
다사416479
다사405467
다사455493
다사448483
다사430463
다사443480
다사402492
다사456482
다사455481
다사453500
다사453478
다사405497
다사448476
다사444451
다사401485
다사410451
다사457493
다사446456
다사424457
다사460487
다사446451
다사413458
다사449462
다사401486
다사459483
다사445487
다사406458
다사409475
다사407476
다사444486
다사422458
다사405473
다사412459
다사442454
다사401488
다사411452
다사430479
다사412476
다사451473
다사424459
다사451480
다사437452
다사422461
다사402465
다사455480
다사458490
다사453499
다사419453
다사437490
다사437491
다사454488
다사456493
다사416454
다사441452
다사440461
다사404459
다사408478
다사450470
다사404474
다사446485
다사445456
다사444500
다사427466
다사444460
다사456481
다사403491
다사410455
다사445480
다사445460
다사445453
다사446458
다사402464
다사456478
다사438460
다사458484
다사401492
다사407500
다사404457
다사457490
다사453477
다사448491
다사459485
다사406461
다사405498
다사403460
다사416457
다사458486
다사420453
다사448461
다사404480
다사436480
다사440452
다사445463
다사658453
다사677419
다사687447
다사677464
다사655462
다사647468
다사675456
다사655450
다사691437
다사671430
다사663449
다사688439
다사661476
다사633453
다사668433
다사656444
다사666460
다사646448
다사651445
다사662432
다사630448
다사671436
다사647448
다사685444
다사686448
다사638462
다사639446
다사670439
다사658454
다사660462
다사660457
다사654453
다사639447
다사680417
다사634460
다사676462
다사641447
다사672451
다사623450
다사665435
다사687437
다사625455
다사672445
다사685446
다사652456
다사691440
다사691441
다사627458
다사659453
다사683439
다사658464
다사659449
다사661481
다사659479
다사677431
다사686446
다사641456
다사647453
다사687443
다사656431
다사628460
다사693447
다사682424
다사660446
다사660458
다사660487
다사657444
다사691444
다사672457
다사677443
다사663452
다사669457
다사635456
다사696442
다사681417
다사666453
다사659461
다사660450
다사667449
다사666444
다사693445
다사630457
다사670449
다사641465
다사671425
다사678442
다사663443
다사684420
다사684444
다사668438
다사674467
다사655455
다사676461
다사659478
다사685433
다사666438
다사670444
다사673461
다사673435
다사687424
다사657460
다사654456
다사667428
다사658473
다사674422
다사647444
다사652448
다사673427
다사657468
다사643442
다사633456
다사658479
다사661451
다사688448
다사674435
다사654454
다사637461
다사666487
다사673431
다사680466
다사658434
다사629460
다사627462
다사651441
다사679417
다사692433
다사690440
다사641444
다사657450
다사655470
다사636460
다사683450
다사687432
다사675423
다사661446
다사642445
다사663490
다사646469
다사694438
다사640461
다사682447
다사646453
다사687434
다사664456
다사668457
다사662482
다사672459
다사666439
다사674448
다사644445
다사659482
다사659458
다사664461
다사634461
다사659452
다사652442
다사629458
다사650451
다사675435
다사680446
다사662446
다사693441
다사659450
다사647469
다사675440
다사676454
다사623454
다사657443
다사663444
다사669458
다사630456
다사655451
다사657449
다사650441
다사656433
다사653448
다사663448
다사665448
다사670418
다사640462
다사661463
다사677444
다사651451
다사644443
다사667445
다사695437
다사640456
다사673438
다사676423
다사664452
다사646445
다사650442
다사668446
다사673452
다사688447
다사654447
다사654450
다사688433
다사683447
다사676463
다사686440
다사646444
다사673434
다사653469
다사657484
다사671434
다사663442
다사669451
다사677442
다사685434
다사666429
다사666449
다사672431
다사635457
다사669434
다사637457
다사669459
다사669449
다사660451
다사664445
다사700445
다사633449
다사628463
다사672420
다사628452
다사677452
다사676431
다사642462
다사627452
다사667453
다사637447
다사696437
다사676449
다사675454
다사681423
다사680420
다사662460
다사654473
다사674445
다사679467
다사635454
다사665446
다사657466
다사665436
다사661433
다사621452
다사687439
다사627456
다사649442
다사675453
다사643452
다사667440
다사639460
다사662461
다사660454
다사643460
다사644452
다사680453
다사638447
다사666442
다사642451
다사655469
다사687435
다사658470
다사671438
다사675437
다사669437
다사697440
다사676464
다사680444
다사627459
다사679448
다사679466
다사665450
다사691445
다사672454
다사694436
다사646443
다사656456
다사644467
다사643445
다사644465
다사660448
다사688442
다사664447
다사665426
다사658435
다사668432
다사657454
다사633448
다사643446
다사657455
다사670453
다사632451
다사658457
다사636448
다사621455
다사653463
다사642448
다사648453
다사642452
다사673423
다사679419
다사657483
다사641445
다사682417
다사641463
다사643453
다사639456
다사692447
다사631456
다사668435
다사662453
다사634454
다사627453
다사671454
다사691439
다사682442
다사666451
다사675459
다사673430
다사663462
다사657462
다사629453
다사637449
다사641455
다사663461
다사639448
다사674441
다사635459
다사652457
다사684445
다사672440
다사654460
다사650448
다사637448
다사653471
다사654445
다사686439
다사674442
다사650455
다사674457
다사634456
다사682420
다사658463
다사641453
다사670431
다사653459
다사659457
다사641446
다사672430
다사663450
다사693448
다사698445
다사664430
다사691436
다사690441
다사672425
다사675433
다사682443
다사689443
다사667454
다사687440
다사682425
다사692445
다사636454
다사647452
다사638457
다사659463
다사683418
다사687433
다사664444
다사668451
다사660460
다사684447
다사661456
다사656466
다사669440
다사685447
다사651447
다사647447
다사689445
다사657434
다사668425
다사691447
다사683446
다사644448
다사666485
다사635460
다사633455
다사654448
다사656461
다사674418
다사686447
다사691446
다사674447
다사678419
다사657451
다사684430
다사631460
다사692442
다사621454
다사685445
다사625453
다사654475
다사628458
다사634455
다사641454
다사667432
다사662487
다사665424
다사669435
다사663435
다사631462
다사670428
다사688434
다사682418
다사666437
다사636452
다사694446
다사650461
다사641457
다사672424
다사661443
다사668430
다사663438
다사662481
다사651450
다사654458
다사638446
다사674429
다사679426
다사628457
다사679442
다사680452
다사640458
다사641460
다사686441
다사664484
다사671440
다사678436
다사646446
다사658458
다사695444
다사633461
다사678451
다사657480
다사660476
다사680418
다사656459
다사674421
다사658456
다사654457
다사661478
다사674439
다사675441
다사680449
다사646466
다사672436
다사654451
다사692449
다사632463
다사631453
다사660478
다사666445
다사634459
다사662435
다사651443
다사669446
다사679461
다사638460
다사693444
다사659473
다사658446
다사694441
다사640449
다사658480
다사679439
다사633454
다사696436
다사677463
다사684424
다사675443
다사649450
다사679418
다사630453
다사657459
다사656432
다사645444
다사687444
다사661441
다사658445
다사656457
다사657433
다사664487
다사622455
다사654462
다사660449
다사671435
다사649451
다사632454
다사653445
다사663458
다사690436
다사665484
다사654468
다사697434
다사656471
다사677433
다사656448
다사662450
다사652455
다사678439
다사646452
다사688435
다사678435
다사684461
다사685448
다사637460
다사676428
다사655460
다사670451
다사663445
다사632460
다사666443
다사658448
다사661445
다사662486
다사678445
다사655448
다사671421
다사660434
다사671427
다사659454
다사658485
다사670420
다사631451
다사633457
다사668423
다사672446
다사655445
다사626453
다사661458
다사656460
다사665445
다사694437
다사649440
다사684434
다사690437
다사640446
다사677462
다사660475
다사624453
다사646467
다사681447
다사675461
다사631450
다사667438
다사679443
다사654444
다사691443
다사682423
다사656458
다사663457
다사631452
다사639444
다사665483
다사643467
다사643448
다사661450
다사651448
다사659455
다사661457
다사698444
다사692443
다사651469
다사648467
다사662477
다사684446
다사657479
다사636447
다사635455
다사659460
다사644446
다사692441
다사680445
다사668428
다사677440
다사650450
다사632458
다사660443
다사649447
다사654467
다사665449
다사637454
다사670435
다사630454
다사647466
다사677435
다사660482
다사672455
다사672432
다사653455
다사675452
다사659483
다사661434
다사669443
다사623451
다사667437
다사683442
다사662488
다사676435
다사653452
다사642455
다사644451
다사653458
다사636458
다사652469
다사662449
다사695439
다사696435
다사670427
다사650454
다사689436
다사650443
다사663479
다사630463
다사669412
다사677439
다사660485
다사668441
다사636446
다사638455
다사699444
다사687425
다사653444
다사671457
다사679450
다사631454
다사667431
다사654463
다사666447
다사694442
다사650465
다사667427
다사639459
다사665438
다사669423
다사624454
다사652468
다사645468
다사693438
다사639449
다사631448
다사678437
다사652441
다사637451
다사666488
다사633447
다사664460
다사698440
다사667459
다사666450
다사650453
다사638445
다사640465
다사686424
다사663478
다사629452
다사667433
다사668455
다사688438
다사651452
다사682437
다사648450
다사637446
다사671437
다사681444
다사670425
다사663460
다사664443
다사674424
다사697435
다사685439
다사637458
다사685440
다사664457
다사657453
다사624455
다사655447
다사675457
다사662480
다사663483
다사665444
다사674458
다사668442
다사684439
다사668436
다사656464
다사675438
다사673436
다사681418
다사669429
다사655458
다사632455
다사667446
다사640447
다사683422
다사658451
다사698441
다사636453
다사670432
다사660455
다사650464
다사667430
다사674438
다사669424
다사638452
다사683437
다사656446
다사657461
다사665443
다사683441
다사684443
다사692431
다사634448
다사664488
다사628450
다사670447
다사632449
다사651449
다사689439
다사662457
다사662459
다사671443
다사648443
다사670424
다사664450
다사629456
다사652452
다사660444
다사638448
다사663485
다사652453
다사635447
다사673459
다사674437
다사629457
다사678444
다사653454
다사683420
다사675422
다사641451
다사695440
다사665433
다사632450
다사648444
다사677450
다사640452
다사659433
다사672460
다사674440
다사640451
다사678465
다사693442
다사673432
다사632462
다사655465
다사671422
다사637459
다사655471
다사670454
다사694439
다사697436
다사668458
다사622452
다사686433
다사695443
다사649443
다사685423
다사626454
다사666431
다사675430
다사669442
다사687422
다사677423
다사671456
다사656482
다사665453
다사692439
다사635452
다사639464
다사670455
다사662441
다사636459
다사657452
다사674462
다사674456
다사653467
다사670419
다사631455
다사643456
다사672427
다사633463
다사669441
다사684419
다사669448
다사672453
다사693443
다사622454
다사642456
다사660463
다사670438
다사659456
다사674461
다사661460
다사670443
다사678453
다사627451
다사676453
다사686434
다사663489
다사681442
다사667448
다사666456
다사676421
다사697439
다사645452
다사649441
다사662479
다사640454
다사669453
다사669444
다사636455
다사657471
다사657482
다사676437
다사657430
다사647461
다사674423
다사676430
다사637455
다사676438
다사673445
다사656463
다사669430
다사644442
다사664435
다사663484
다사641452
다사676436
다사681441
다사692440
다사673451
다사698439
다사643461
다사668444
다사697438
다사660433
다사646451
다사670433
다사680450
다사647467
다사690438
다사622451
다사644449
다사638450
다사687446
다사645467
다사686449
다사661440
다사680447
다사679465
다사679441
다사671458
다사640448
다사675427
다사654455
다사661489
다사633460
다사675448
다사677437
다사645450
다사653456
다사657464
다사680426
다사670442
다사661477
다사678420
다사643450
다사659486
다사670436
다사643451
다사682444
다사623453
다사682441
다사644462
다사645460
다사643449
다사660486
다사631463
다사680451
다사671455
다사668450
다사665440
다사666432
다사634450
다사634462
다사642449
다사649448
다사683440
다사653462
다사632461
다사652454
다사666427
다사696439
다사665432
다사658460
다사667458
다사655444
다사634447
다사650469
다사690446
다사647445
다사676457
다사662484
다사661461
다사646447
다사660483
다사669439
다사653451
다사660461
다사664459
다사663440
다사648462
다사686444
다사658467
다사687445
다사665460
다사640450
다사675458
다사681419
다사647449
다사669454
다사654443
다사672438
다사667456
다사681425
다사648468
다사675455
다사683438
다사681443
다사653453
다사674434
다사698442
다사665488
다사647446
다사675432
다사663487
다사658471
다사664441
다사651444
다사672456
다사659429
다사692432
다사664483
다사633451
다사662434
다사699440
다사660431
다사635458
다사648451
다사678423
다사642460
다사697441
다사676450
다사678462
다사661459
다사684433
다사656451
다사672435
다사659471
다사665456
다사646463
다사632457
다사662451
다사684442
다사661442
다사633462
다사675444
다사648466
다사657477
다사653447
다사668447
다사671431
다사640455
다사663455
다사648469
다사634463
다사678438
다사686425
다사666457
다사677448
다사632456
다사652451
다사669438
다사673457
다사662444
다사645445
다사663423
다사638461
다사683424
다사649453
다사641450
다사665452
다사677451
다사679452
다사693446
다사635462
다사643454
다사685422
다사681449
다사668445
다사663482
다사665447
다사667443
다사647451
다사630452
다사642453
다사677447
다사675439
다사634451
다사679437
다사665439
다사676427
다사680422
다사634457
다사667450
다사683444
다사679449
다사652444
다사670423
다사682439
다사665423
다사658461
다사662445
다사664479
다사677421
다사676440
다사670456
다사668431
다사630450
다사673462
다사641461
다사669431
다사644466
다사684437
다사663456
다사692438
다사679462
다사662452
다사654459
다사681424
다사664453
다사674444
다사685438
다사638451
다사678454
다사651442
다사659475
다사665434
다사676439
다사663434
다사674431
다사679464
다사662489
다사659435
다사656442
다사662462
다사688437
다사636457
다사693440
다사663459
다사655466
다사673453
다사650466
다사681450
다사675431
다사678421
다사671450
다사655454
다사639463
다사665485
다사673420
다사656462
다사664485
다사663441
다사685463
다사635449
다사678461
다사678449
다사675434
다사670457
다사651468
다사673421
다사644461
다사687442
다사690443
다사677430
다사676434
다사636445
다사630451
다사649452
다사645447
다사669447
다사673442
다사632452
다사662475
다사659477
다사676447
다사651453
다사661454
다사630458
다사687438
다사652443
다사694445
다사655461
다사672421
다사629450
다사663439
다사659470
다사682449
다사629463
다사696438
다사660488
다사664448
다사648446
다사655456
다사692444
다사654470
다사664454
다사659484
다사697445
다사675424
다사662490
다사658449
다사675442
다사627455
다사673454
다사668459
다사624456
다사662483
다사651467
다사670422
다사639453
다사667441
다사658432
다사662456
다사654446
다사678467
다사661435
다사672428
다사663453
다사655442
다사659432
다사667434
다사625454
다사683449
다사653450
다사680419
다사658476
다사654469
다사659459
다사647450
다사626451
다사658462
다사695438
다사661484
다사689446
다사678460
다사669452
다사686443
다사655443
다사667455
다사671426
다사667444
다사673455
다사662476
다사626450
다사648454
다사679436
다사626452
다사689444
다사679453
다사667436
다사642450
다사666434
다사686435
다사665459
다사667429
다사628461
다사669428
다사685436
다사629454
다사668456
다사642454
다사630461
다사675428
다사627454
다사627450
다사640453
다사690448
다사650440
다사690439
다사656478
다사639452
다사679444
다사684422
다사648442
다사649446
다사669456
다사643463
다사681422
다사657431
다사656454
다사671441
다사675450
다사635450
다사683448
다사654452
다사683423
다사632447
다사694447
다사681451
다사665482
다사659446
다사665442
다사661448
다사689447
다사677438
다사657457
다사629461
다사650447
다사672458
다사684460
다사653443
다사699441
다사671449
다사655452
다사678418
다사673433
다사671432
다사698443
다사686445
다사671442
다사665457
다사637445
다사673429
다사652450
다사695442
다사675449
다사661432
다사669425
다사643464
다사628453
다사673458
다사631461
다사659431
다사654449
다사663451
다사640445
다사657456
다사668437
다사678452
다사636449
다사674459
다사659434
다사662440
다사659469
다사655457
다사686438
다사676465
다사635446
다사672423
다사659476
다사661453
다사682440
다사658481
다사674430
다사628455
다사628462
다사657446
다사645448
다사696441
다사688446
다사660432
다사696434
다사668429
다사659481
다사669427
다사674453
다사621453
다사642463
다사674432
다사670426
다사668426
다사644447
다사665486
다사656455
다사659445
다사667439
다사676451
다사656452
다사641458
다사661487
다사677460
다사676455
다사678447
다사638459
다사686442
다사661483
다사662433
다사689438
다사681420
다사691442
다사667435
다사629451
다사630459
다사637453
다사649466
다사677441
다사658452
다사664449
다사689437
다사658450
다사681446
다사629462
다사645443
다사637464
다사639455
다사653446
다사658459
다사674428
다사653442
다사663481
다사656453
다사673437
다사665487
다사668434
다사671447
다사653449
다사656434
다사670441
다사672426
다사661449
다사646468
다사658469
다사683419
다사686423
다사680448
다사640444
다사653441
다사673441
다사659447
다사674427
다사622453
다사642465
다사664486
다사663486
다사670452
다사678448
다사666459
다사661455
다사682446
다사682438
다사630460
다사638458
다사676458
다사661486
다사644450
다사646449
다사668440
다사653460
다사657458
다사679451
다사671452
다사685435
다사675465
다사682422
다사628456
다사649449
다사666435
다사663488
다사670458
다사684418
다사647470
다사635451
다사676419
다사660456
다사669432
다사651456
다사653461
다사668439
다사655449
다사675462
다사674443
다사672422
다사664458
다사656483
다사637450
다사683443
다사665427
다사660436
다사689441
다사674452
다사655446
다사657470
다사697444
다사666446
다사649454
다사685449
다사648464
다사629459
다사673456
다사654461
다사669450
다사637463
다사623452
다사693437
다사660453
다사685442
다사658482
다사634452
다사633452
다사642447
다사675418
다사640460
다사684423
다사659462
다사681452
다사678450
다사679463
다사690445
다사665454
다사653468
다사664455
다사638463
다사639445
다사684440
다사688443
다사645446
다사662478
다사682419
다사655468
다사690444
다사654471
다사657481
다사688444
다사661475
다사634449
다사689435
다사631449
다사662485
다사634446
다사649468
다사628459
다사660477
다사656469
다사635453
다사645464
다사662458
다사695441
다사660447
다사678443
다사656449
다사685441
다사690447
다사633458
다사639462
다사649467
다사658484
다사637452
다사682445
다사650449
다사650452
다사683435
다사650456
다사657469
다사671439
다사648445
다사671428
다사671420
다사652449
다사686436
다사672429
다사662442
다사667457
다사659448
다사638453
다사668454
다사690442
다사666454
다사672452
다사664489
다사660435
다사670446
다사670437
다사636451
다사684436
다사670440
다사678464
다사672449
다사660459
다사683445
다사672437
다사642446
다사675436
다사650446
다사676460
다사685437
다사629455
다사667460
다사689442
다사660445
다사669426
다사685424
다사678441
다사630449
다사682450
다사643455
다사676433
다사684417
다사694440
다사678440
다사685443
다사660441
다사671446
다사695436
다사666452
다사653457
다사649465
다사677432
다사681445
다사639457
다사659480
다사660442
다사660452
다사657478
다사661444
다사653470
다사659474
다사666486
다사640463
다사639450
다사677420
다사676432
다사658431
다사680441
다사651446
다사661482
다사693431
다사667447
다사657448
다사660484
다사661488
다사683417
다사645449
다사654442
다사669433
다사678424
다사627460
다사677461
다사657432
다사641462
다사639458
다사641448
다사650445
다사675451
다사658478
다사670445
다사677434
다사631457
다사656447
다사673440
다사676448
다사639454
다사638454
다사668452
다사633450
다사677455
다사668427
다사630455
다사694444
다사679423
다사676452
다사687436
다사696440
다사671453
다사655463
다사682448
다사661480
다사692446
다사684448
다사639451
다사636450
다사676442
다사686437
다사638449
다사673428
다사694443
다사628451
다사645451
다사634453
다사670434
다사688445
다사677453
다사662455
다사632448
다사674454
다사665451
다사635448
다사669436
다사693439
다사649445
다사673460
다사674425
다사662443
다사660479
다사666433
다사666426
다사673422
다사665441
다사663417
다사640464
다사690435
다사676441
다사691438
다사674460
다사628454
다사648452
다사666455
다사697437
다사675447
다사679445
다사656450
다사657463
다사687423
다사662439
다사661485
다사664440
다사669445
다사691432
다사651454
다사665458
다사655459
다사636464
다사672434
다사651440
다사646450
다사673443
다사671423
다사681448
다사657447
다사663433
다사658483
다사677449
다사675460
다사652446
다사627461
다사668448
다사651455
다사678446
다사656470
다사645466
다사663480
다사676443
다사660481
다사677418
다사652447
다사674433
다사672439
다사670450
다사674436
다사663454
다사666458
다사656443
다사698437
다사664442
다사643447
다사661462
다사651464
다사641449
다사676418
다사679446
다사664439
다사638456
다사643443
다사679440
다사661452
다사661479
다사659464
다사668449
다사677454
다사660480
다사658455
다사623455
다사658433
다사688436
다사684438
다사623470
다사653464
다사651475
다사633446
다사681431
다사652490
다사673410
다사677457
다사651476
다사651465
다사651435
다사663467
다사690450
다사629471
다사649479
다사675417
다사626455
다사660467
다사643472
다사690429
다사649474
다사687448
다사655493
다사700446
다사618469
다사658426
다사644470
다사667471
다사621458
다사685431
다사625460
다사656430
다사659440
다사678459
다사652459
다사645463
다사663418
다사658489
다사689440
다사644460
다사665466
다사672463
다사684435
다사661464
다사681426
다사646479
다사673463
다사651459
다사632466
다사641472
다사648486
다사658488
다사669415
다사671471
다사656489
다사636461
다사645470
다사684428
다사662465
다사669462
다사647465
다사657436
다사658493
다사657429
다사652485
다사680432
다사642458
다사649456
다사653440
다사649459
다사663429
다사652479
다사641464
다사685426
다사628470
다사618465
다사662464
다사650489
다사641443
다사624450
다사666440
다사657445
다사647482
다사679424
다사678457
다사679459
다사654487
다사659424
다사657442
다사655475
다사662436
다사659491
다사671411
다사658474
다사665412
다사650462
다사682426
다사658424
다사656441
다사672415
다사659443
다사656475
다사695448
다사639472
다사693449
다사673444
다사678427
다사619449
다사670459
다사679428
다사647474
다사621472
다사652488
다사627464
다사662470
다사630447
다사660470
다사633466
다사632471
다사664423
다사674450
다사681436
다사679454
다사650482
다사664434
다사679456
다사681454
다사618463
다사666420
다사621468
다사630468
다사662419
다사689428
다사677426
다사649488
다사626461
다사684459
다사666413
다사667466
다사663436
다사618473
다사663473
다사638468
다사635468
다사649444
다사679458
다사667413
다사670461
다사635463
다사651458
다사623462
다사676420
다사631446
다사664468
다사633464
다사660439
다사656474
다사662427
다사675429
다사677417
다사645480
다사670410
다사684426
다사647455
다사645461
다사624466
다사657435
다사663469
다사677469
다사680442
다사652478
다사666462
다사620466
다사643475
다사688422
다사642474
다사661473
다사686420
다사672441
다사698447
다사640442
다사659436
다사640479
다사653439
다사650488
다사690433
다사673469
다사669420
다사655430
다사689432
다사642468
다사686450
다사623465
다사674464
다사655491
다사631447
다사654477
다사665421
다사681434
다사647486
다사675415
다사666418
다사677445
다사673417
다사695446
다사629467
다사694435
다사617473
다사681435
다사658487
다사643466
다사665461
다사687449
다사655490
다사620467
다사670413
다사645476
다사678468
다사637465
다사661492
다사679433
다사646483
다사648482
다사670448
다사680431
다사688441
다사693432
다사665475
다사634465
다사650473
다사680425
다사655476
다사649463
다사698448
다사660474
다사663476
다사650476
다사668418
다사628466
다사675413
다사641479
다사671445
다사680429
다사619472
다사620464
다사668466
다사626462
다사618466
다사664474
다사662469
다사657488
다사691431
다사656492
다사621456
다사658465
다사635473
다사622448
다사642477
다사665418
다사636470
다사675445
다사647457
다사623464
다사653485
다사664420
다사670468
다사683459
다사670460
다사629464
다사634472
다사685429
다사630471
다사671413
다사646458
다사660422
다사670429
다사637470
다사661467
다사661436
다사691435
다사667424
다사686432
다사659425
다사640459
다사666461
다사646455
다사654465
다사672443
다사666469
다사679434
다사654479
다사655439
다사681455
다사658439
다사685419
다사652473
다사690428
다사647441
다사657490
다사682457
다사645474
다사683426
다사680427
다사695435
다사663420
다사652463
다사618467
다사628464
다사654433
다사654490
다사682465
다사668453
다사632459
다사645477
다사687431
다사662491
다사630465
다사623467
다사618472
다사628468
다사640475
다사651474
다사669416
다사662438
다사667420
다사636466
다사620470
다사652487
다사658477
다사627449
다사647439
다사643469
다사680421
다사664464
다사674466
다사679431
다사675425
다사673419
다사655480
다사684449
다사665430
다사643462
다사687441
다사630470
다사640477
다사668412
다사646471
다사666415
다사667473
다사669461
다사657472
다사643474
다사642475
다사665419
다사637472
다사619452
다사637456
다사692436
다사664426
다사655434
다사650471
다사658466
다사659490
다사635472
다사680433
다사668461
다사677467
다사640470
다사645478
다사656440
다사638473
다사680465
다사640471
다사668415
다사678425
다사662423
다사620457
다사643459
다사665470
다사660492
다사672464
다사678431
다사648458
다사681430
다사619463
다사666436
다사655481
다사673449
다사671414
다사661468
다사653436
다사627447
다사650478
다사660491
다사688440
다사640473
다사671468
다사624468
다사683427
다사665416
다사657465
다사664429
다사631466
다사655488
다사661465
다사654472
다사665465
다사634468
다사654483
다사669468
다사688432
다사671470
다사671469
다사647475
다사700444
다사625468
다사664416
다사679435
다사676445
다사668464
다사680438
다사641476
다사674410
다사686422
다사659444
다사674465
다사690434
다사656476
다사649484
다사651488
다사660472
다사698438
다사676425
다사646470
다사670471
다사659442
다사651462
다사671415
다사681429
다사644459
다사626456
다사681461
다사652489
다사666448
다사668463
다사626469
다사661423
다사673425
다사649481
다사646474
다사669414
다사655492
다사659466
다사647485
다사672461
다사697448
다사681432
다사652460
다사620454
다사621470
다사619458
다사633467
다사618457
다사641470
다사677446
다사652438
다사631465
다사631468
다사682463
다사624448
다사697442
다사624464
다사637444
다사621471
다사653491
다사646475
다사675421
다사655441
다사661490
다사679420
다사664413
다사629472
다사626471
다사661471
다사659421
다사625471
다사625457
다사667468
다사699447
다사661469
다사664425
다사630446
다사636444
다사623466
다사697433
다사639468
다사638466
다사639471
다사674417
다사635444
다사674414
다사656493
다사655440
다사658425
다사665464
다사653473
다사649439
다사647471
다사649472
다사669465
다사627471
다사661428
다사651477
다사630462
다사663471
다사669473
다사667414
다사671448
다사668460
다사638465
다사657441
다사655464
다사643470
다사655483
다사622461
다사669466
다사681456
다사618464
다사685420
다사633471
다사648465
다사649476
다사667472
다사636462
다사648477
다사696432
다사626458
다사662468
다사681462
다사663415
다사639466
다사642481
다사647440
다사681467
다사660440
다사681457
다사621465
다사665469
다사687420
다사664472
다사633468
다사625467
다사684450
다사664417
다사629449
다사689431
다사650485
다사684421
다사691449
다사649457
다사666417
다사653438
다사671472
다사663426
다사634464
다사673467
다사626463
다사664491
다사642459
다사646482
다사650483
다사645458
다사682462
다사682427
다사639467
다사689434
다사621461
다사661447
다사673412
다사625452
다사683463
다사679429
다사653483
다사627468
다사657427
다사653466
다사670462
다사667451
다사697446
다사683430
다사683460
다사658468
다사638475
다사664432
다사655486
다사670416
다사664469
다사640468
다사697443
다사680434
다사675414
다사683416
다사666471
다사623461
다사655472
다사695434
다사638477
다사670415
다사640478
다사670466
다사641459
다사672466
다사631469
다사670430
다사693430
다사652458
다사690430
다사631464
다사632464
다사662416
다사645454
다사639478
다사694431
다사652483
다사618460
다사684464
다사622458
다사698434
다사639476
다사651457
다사682452
다사668413
다사622471
다사671418
다사623460
다사653433
다사665437
다사681453
다사650481
다사665472
다사662471
다사653472
다사648459
다사663466
다사694433
다사651487
다사657489
다사659493
다사646441
다사662422
다사664436
다사640466
다사619451
다사678433
다사622463
다사677427
다사665415
다사644477
다사668422
다사631467
다사668414
다사638472
다사677459
다사645481
다사675470
다사676467
다사650457
다사693434
다사639474
다사625448
다사665467
다사676417
다사645483
다사647480
다사653432
다사676466
다사636474
다사660471
다사631471
다사662420
다사678466
다사662437
다사679422
다사645455
다사668417
다사680430
다사621450
다사695432
다사649477
다사682453
다사687428
다사619450
다사628449
다사647473
다사617472
다사671462
다사622459
다사664438
다사672444
다사624470
다사660465
다사619462
다사641475
다사661491
다사667408
다사651489
다사667487
다사680463
다사650470
다사684441
다사659485
다사667452
다사653478
다사677468
다사668424
다사644478
다사690451
다사642471
다사644481
다사651484
다사689427
다사644444
다사666467
다사620465
다사662467
다사686428
다사632470
다사623463
다사652435
다사655489
다사688426
다사661437
다사666464
다사649485
다사652470
다사647481
다사664446
다사667426
다사659451
다사678455
다사677456
다사648470
다사626470
다사662473
다사644457
다사625463
다사699446
다사649461
다사659422
다사673448
다사660473
다사662474
다사699438
다사642457
다사621466
다사634474
다사672469
다사679432
다사672417
다사657437
다사683431
다사682434
다사648461
다사680461
다사630464
다사634471
다사648474
다사660425
다사669421
다사630469
다사623448
다사673415
다사660428
다사628469
다사629447
다사622456
다사625450
다사620459
다사654431
다사637471
다사632445
다사642473
다사646472
다사681459
다사665473
다사653486
다사663447
다사647464
다사646480
다사668471
다사665420
다사621467
다사618458
다사638470
다사652472
다사662454
다사647483
다사622460
다사662492
다사675426
다사634467
다사657487
다사655429
다사688427
다사629470
다사667416
다사666412
다사700443
다사629468
다사662428
다사655436
다사668470
다사620449
다사648475
다사634458
다사644482
다사686430
다사645473
다사655477
다사671419
다사645475
다사651479
다사653484
다사634444
다사631470
다사676446
다사652439
다사659438
다사664482
다사631459
다사638464
다사622462
다사672471
다사618462
다사659426
다사648481
다사633470
다사656477
다사646477
다사680462
다사662425
다사652467
다사680459
다사617470
다사626467
다사675416
다사650439
다사640469
다사653475
다사647458
다사664478
다사694448
다사670472
다사662431
다사654430
다사635470
다사638444
다사671465
다사650480
다사633465
다사639443
다사682428
다사674419
다사667425
다사623468
다사624463
다사644454
다사681440
다사681466
다사623471
다사658490
다사625458
다사666411
다사640474
다사681465
다사664481
다사672462
다사659472
다사679460
다사681421
다사623469
다사671460
다사663431
다사652466
다사659441
다사674463
다사670464
다사664437
다사668416
다사638469
다사622450
다사636473
다사656445
다사644476
다사685427
다사649473
다사656485
다사669471
다사663464
다사665468
다사621463
다사652434
다사681428
다사696448
다사623449
다사682431
다사660438
다사637474
다사671463
다사666425
다사645442
다사678426
다사664467
다사625461
다사658491
다사664463
다사621469
다사619468
다사675446
다사687429
다사682466
다사688425
다사637473
다사676429
다사650444
다사650468
다사652464
다사666424
다사682432
다사652476
다사664471
다사626466
다사682460
다사684465
다사650437
다사661429
다사649455
다사683464
다사634473
다사661431
다사665455
다사668420
다사649460
다사647443
다사683453
다사644441
다사676422
다사624449
다사643471
다사655473
다사643481
다사667462
다사629469
다사689429
다사641471
다사673468
다사661427
다사678430
다사644479
다사661422
다사646485
다사656479
다사688423
다사628467
다사683425
다사626464
다사643468
다사655467
다사665414
다사617471
다사696447
다사678417
다사632446
다사633472
다사643478
다사676424
다사650484
다사674411
다사676468
다사642476
다사683465
다사655438
다사679430
다사646465
다사682458
다사625470
다사619470
다사672412
다사671424
다사680428
다사664431
다사680443
다사664427
다사619464
다사668465
다사659427
다사680458
다사625469
다사665417
다사633459
다사674420
다사661419
다사622466
다사682451
다사663424
다사667467
다사634466
다사669467
다사683461
다사639469
다사652474
다사666466
다사649469
다사656437
다사626449
다사654492
다사662418
다사665489
다사642461
다사637475
다사668467
다사674415
다사617467
다사664424
다사692448
다사622457
다사690432
다사645484
다사653489
다사694434
다사668468
다사655432
다사663474
다사667417
다사644456
다사669413
다사669411
다사673466
다사622465
다사619460
다사675411
다사660426
다사673413
다사653480
다사653476
다사666441
다사655484
다사659489
다사648440
다사648480
다사625449
다사663465
다사667464
다사663477
다사623458
다사675466
다사634469
다사643479
다사648448
다사679427
다사658427
다사624458
다사668472
다사699442
다사636469
다사624462
다사651480
다사670463
다사648483
다사683429
다사650477
다사657475
다사670417
다사694432
다사679447
다사620450
다사657426
다사652462
다사641478
다사674469
다사656487
다사657485
다사686463
다사652445
다사677428
다사649478
다사648441
다사651486
다사664433
다사696443
다사673416
다사671466
다사632467
다사624461
다사642441
다사673471
다사636465
다사654486
다사648455
다사667488
다사656465
다사666468
다사618468
다사672467
다사635461
다사666428
다사696446
다사678428
다사667461
다사662466
다사635465
다사683433
다사644455
다사665429
다사668443
다사648479
다사665490
다사656473
다사656468
다사641466
다사666484
다사673414
다사621451
다사654474
다사645459
다사646459
다사622469
다사644463
다사663446
다사661425
다사625464
다사662429
다사667411
다사664428
다사645469
다사674470
다사680455
다사622470
다사680467
다사659468
다사634470
다사618470
다사620452
다사620451
다사672468
다사639461
다사654434
다사696444
다사691434
다사648478
다사677424
다사681437
다사655431
다사666475
다사641442
다사664465
다사669418
다사679457
다사620468
다사698446
다사628447
다사645482
다사635464
다사646481
다사668419
다사651472
다사659439
다사648484
다사660420
다사651463
다사673446
다사642467
다사622449
다사672413
다사635466
다사649480
다사658441
다사678456
다사654488
다사680457
다사687426
다사639475
다사663432
다사626459
다사637443
다사665422
다사676444
다사630467
다사652482
다사643473
다사672419
다사659428
다사661421
다사680464
다사671416
다사648471
다사657425
다사641480
다사649482
다사672442
다사656428
다사620456
다사636475
다사642442
다사627448
다사640443
다사646456
다사656480
다사665413
다사675412
다사664476
다사677436
다사676456
다사649483
다사659437
다사647477
다사660423
다사664422
다사631458
다사666472
다사658436
다사685428
다사665480
다사644471
다사682461
다사690431
다사664419
다사654482
다사646460
다사657474
다사666422
다사667463
다사666463
다사679468
다사660469
다사664490
다사684451
다사668411
다사672447
다사692437
다사674471
다사619457
다사622468
다사620469
다사627457
다사650459
다사651471
다사654435
다사636463
다사661472
다사658472
다사644480
다사645471
다사650438
다사657439
다사661426
다사637462
다사645479
다사648447
다사686426
다사627465
다사667418
다사670470
다사678432
다사656486
다사670473
다사656490
다사617468
다사641468
다사684432
다사671412
다사643465
다사631445
다사655437
다사637468
다사651466
다사632472
다사657493
다사667412
다사667474
다사654493
다사682429
다사624467
다사685418
다사647456
다사632473
다사630466
다사659430
다사620453
다사645456
다사677466
다사688424
다사633445
다사675410
다사679425
다사651460
다사671429
다사654432
다사661430
다사692434
다사655487
다사693436
다사676426
다사619471
다사664466
다사681439
다사661470
다사686431
다사635471
다사647454
다사653488
다사665428
다사668410
다사621449
다사684429
다사652471
다사671410
다사641473
다사653434
다사652437
다사676459
다사680424
다사656439
다사620472
다사655485
다사680440
다사667410
다사648472
다사627469
다사651438
다사666489
다사680460
다사621462
다사685430
다사636472
다사638476
다사662448
다사646439
다사672465
다사633473
다사650479
다사684416
다사672433
다사656436
다사666470
다사682464
다사672472
다사683432
다사664451
다사653435
다사664421
다사648473
다사642478
다사658428
다사692435
다사665431
다사693435
다사656435
다사691433
다사682430
다사654466
다사685450
다사677429
다사627467
다사653474
다사657492
다사654491
다사647476
다사632469
다사641467
다사653465
다사629446
다사641474
다사673426
다사644473
다사645465
다사684431
다사619461
다사658492
다사688420
다사682436
다사654480
다사670411
다사656484
다사659487
다사682421
다사642444
다사651470
다사626465
다사669455
다사637466
다사665471
다사643482
다사652465
다사627463
다사667470
다사652486
다사689430
다사661474
다사689448
다사650475
다사662472
다사634445
다사644453
다사658437
다사651439
다사673470
다사647462
다사649438
다사663475
다사671464
다사621457
다사623457
다사625456
다사642479
다사657491
다사677425
다사657473
다사659465
다사651482
다사679455
다사653487
다사619456
다사650460
다사649462
다사651490
다사672416
다사658430
다사685464
다사619469
다사654438
다사672450
다사648456
다사669417
다사639477
다사660489
다사655435
다사686421
다사673439
다사671451
다사620458
다사666465
다사667419
다사630472
다사640472
다사685432
다사689449
다사696433
다사681464
다사660437
다사671461
다사699443
다사635445
다사672410
다사636467
다사691448
다사654440
다사662417
다사622467
다사663421
다사637476
다사624465
다사662463
다사640476
다사698436
다사687427
다사695433
다사662426
다사666473
다사697449
다사622472
다사661424
다사645462
다사684425
다사644468
다사618471
다사654481
다사665476
다사641469
다사662430
다사678434
다사659467
다사646462
다사660421
다사655479
다사670412
다사659492
다사688428
다사624471
다사644464
다사664418
다사637467
다사643477
다사651473
다사625451
다사681463
다사669422
다사654476
다사685421
다사647460
다사674426
다사643441
다사685425
다사645441
다사644469
다사640457
다사651461
다사660429
다사642443
다사653482
다사671459
다사648463
다사653490
다사648438
다사652480
다사681433
다사663425
다사644472
다사677422
다사646461
다사664470
다사674468
다사656472
다사668421
다사678429
다사666416
다사646478
다사671417
다사660490
다사665425
다사683428
다사625465
다사652475
다사654436
다사674455
다사650458
다사656488
다사620471
다사659488
다사633469
다사660427
다사620460
다사629465
다사646484
다사655453
다사629466
다사647438
다사667442
다사658444
다사621464
다사620462
다사635469
다사644474
다사624457
다사653479
다사656481
다사654464
다사682456
다사637469
다사624459
다사675419
다사642469
다사657428
다사658442
다사677458
다사660424
다사667422
다사699439
다사657440
다사673418
다사619465
다사650486
다사647478
다사648457
다사683434
다사617469
다사652477
다사688430
다사625462
다사646454
다사656438
다사649471
다사675420
다사647484
다사689433
다사654485
다사635467
다사669472
다사672470
다사644458
다사656427
다사664480
다사647442
다사651437
다사654437
다사656467
다사622464
다사648449
다사682433
다사688421
다사647472
다사652481
다사669460
다사644483
다사656429
다사667415
다사681427
다사674451
다사660468
다사636468
다사695447
다사635474
다사649437
다사655433
다사646442
다사650436
다사647459
다사640467
다사665463
다사619454
다사673447
다사665474
다사686464
다사623459
다사693433
다사650472
다사653477
다사663437
다사649458
다사674446
다사654441
다사631472
다사678458
다사651436
다사651483
다사658440
다사675463
다사688429
다사674449
다사663428
다사666410
다사672448
다사680437
다사645457
다사676469
다사643458
다사655474
다사652461
다사651481
다사682454
다사646440
다사619466
다사669469
다사664415
다사696445
다사662424
다사658443
다사649487
다사644475
다사638467
다사669463
다사642466
다사688449
다사649464
다사653492
다사671444
다사665462
다사626468
다사626460
다사620455
다사673464
다사687421
다사672414
다사654478
다사620463
다사669464
다사682455
다사689450
다사683466
다사639470
다사645440
다사627470
다사636456
다사667421
다사675468
다사649475
다사663463
다사670421
다사678422
다사680435
다사655478
다사657467
다사655482
다사621460
다사670465
다사658429
다사670414
다사663491
다사624451
다사658486
다사680436
다사660464
다사648460
다사647463
다사659423
다사672418
다사624469
다사670467
다사642470
다사638474
다사664414
다사682459
다사687430
다사639465
다사648487
다사666409
다사632453
다사680456
다사619455
다사632465
다사666430
다사646464
다사668469
다사682435
다사674412
다사688431
다사652440
다사657476
다사651485
다사650474
다사639473
다사636471
다사674413
다사657486
다사661438
다사697447
다사683421
다사623456
다사626448
다사662421
다사681460
다사658438
다사683436
다사629448
다사653481
다사645472
다사661420
다사619467
다사626457
다사624452
다사668473
다사660466
다사674416
다사648476
다사619459
다사658475
다사665411
다사675464
다사620461
다사691450
다사627466
다사618459
다사653437
다사664462
다사621448
다사648485
다사668474
다사683451
다사621459
다사667409
다사679421
다사691430
다사646476
다사663430
다사671433
다사681458
다사654439
다사658447
다사644440
다사672411
다사646473
다사679438
다사684463
다사650463
다사663419
다사625459
다사643480
다사652484
다사624460
다사665481
다사654489
다사650467
다사666474
다사677465
다사628448
다사668409
다사669419
다사652436
다사673424
다사673465
다사678463
다사663422
다사666423
다사625466
다사661439
다사666419
다사691429
다사628465
다사675467
다사675469
다사663472
다사699445
다사666414
다사673450
다사632468
다사684427
다사667465
다사680439
다사668462
다사663416
다사647479
다사663427
다사642480
다사658423
다사660430
다사645453
다사638471
다사681438
다사646457
다사663470
다사670469
다사643476
다사649486
다사666421
다사667469
다사686427
다사650487
다사671467
다사664473
다사641477
다사651478
다사669470
다사648439
다사664475
다사667423
다사654484
다사683462
다사695445
다사661466
다사643457
다사656491
다사692430
다사680454
다사686429
다사642472
다사649470
다사619453
다사628471
다사618461
다사663468
다사638443
다사673411
다사690449
다사680423
다사657438
다사643444
다사642464
다사661418
다사662447
다사598577
다사599567
다사618570
다사578564
다사604569
다사608568
다사576552
다사558573
다사574562
다사599571
다사557576
다사579536
다사587541
다사572573
다사575540
다사561554
다사554562
다사577546
다사611564
다사594552
다사580541
다사602565
다사560570
다사554550
다사555548
다사587566
다사559553
다사580535
다사566565
다사573542
다사578536
다사595564
다사565561
다사555554
다사579559
다사587552
다사589568
다사580543
다사561564
다사602562
다사563543
다사570559
다사592560
다사573541
다사564566
다사585567
다사574550
다사594554
다사605576
다사601567
다사603570
다사574554
다사571553
다사565571
다사549552
다사590564
다사592547
다사580567
다사567575
다사562575
다사574534
다사566566
다사556565
다사610568
다사611565
다사616568
다사554551
다사558558
다사562550
다사614563
다사555566
다사550559
다사552566
다사599575
다사547555
다사612561
다사559548
다사611561
다사590550
다사548556
다사596570
다사570567
다사612567
다사600568
다사561565
다사556563
다사563548
다사581558
다사588563
다사572566
다사574567
다사560573
다사560546
다사591562
다사553549
다사596557
다사598575
다사603574
다사555549
다사583558
다사594564
다사580568
다사558577
다사563545
다사602564
다사582570
다사558555
다사582559
다사585561
다사617570
다사558563
다사561545
다사573553
다사560548
다사563557
다사563572
다사558568
다사554567
다사575533
다사568556
다사564556
다사570570
다사557579
다사616566
다사560545
다사581567
다사596569
다사557577
다사589550
다사577543
다사578550
다사558567
다사568548
다사602583
다사565570
다사579556
다사613563
다사547553
다사566537
다사552568
다사576548
다사566574
다사591553
다사578545
다사592565
다사595557
다사595553
다사609566
다사560551
다사585555
다사572555
다사558553
다사568558
다사587548
다사587557
다사602563
다사556577
다사580565
다사597575
다사565573
다사586555
다사552567
다사569566
다사557574
다사566573
다사600574
다사606574
다사593551
다사563546
다사574571
다사568544
다사561569
다사581561
다사588554
다사603566
다사603581
다사570558
다사559574
다사551556
다사585563
다사570563
다사577533
다사573566
다사576556
다사556572
다사587545
다사574563
다사576555
다사579542
다사590559
다사605564
다사609574
다사564545
다사573570
다사612569
다사575536
다사595555
다사601565
다사568571
다사611570
다사608565
다사591556
다사576544
다사578555
다사602570
다사570552
다사612563
다사605573
다사590567
다사602581
다사593564
다사560582
다사615566
다사600575
다사591555
다사591558
다사586541
다사570551
다사576560
다사569565
다사619569
다사566545
다사558569
다사587554
다사566539
다사585547
다사577548
다사550558
다사569540
다사574560
다사571572
다사558570
다사578554
다사589558
다사601579
다사568565
다사576551
다사591567
다사573552
다사566576
다사606565
다사557551
다사551552
다사588566
다사569538
다사579557
다사582546
다사566554
다사572538
다사585568
다사575543
다사573569
다사560550
다사577537
다사577568
다사605568
다사612568
다사566567
다사596566
다사555558
다사593560
다사607566
다사604580
다사574541
다사579562
다사602576
다사569536
다사569542
다사584557
다사594574
다사611572
다사565564
다사590563
다사569571
다사565558
다사576553
다사613571
다사573562
다사546554
다사580542
다사571539
다사571559
다사557578
다사555550
다사577545
다사560556
다사593563
다사601574
다사565546
다사610573
다사589562
다사604562
다사598562
다사601583
다사579534
다사593561
다사608569
다사553550
다사564537
다사604567
다사563568
다사567564
다사617564
다사568542
다사595558
다사547571
다사613565
다사573535
다사600579
다사576538
다사559562
다사564573
다사611571
다사569541
다사597571
다사585538
다사565537
다사569561
다사591560
다사567565
다사620570
다사563571
다사576565
다사582545
다사589563
다사586559
다사564567
다사587549
다사595572
다사587563
다사563547
다사590558
다사609569
다사599562
다사576569
다사561573
다사549548
다사579545
다사559552
다사575553
다사581570
다사578565
다사599568
다사565536
다사610566
다사559546
다사594560
다사609576
다사560564
다사593571
다사597566
다사555552
다사577560
다사561577
다사571566
다사553569
다사575539
다사567561
다사561568
다사575572
다사560576
다사604564
다사587565
다사592554
다사569570
다사560575
다사577550
다사571548
다사577561
다사555564
다사568569
다사566556
다사577563
다사591563
다사571571
다사573568
다사555559
다사599572
다사592557
다사587558
다사613564
다사585566
다사569558
다사572564
다사574532
다사612570
다사580559
다사595574
다사600566
다사584545
다사566546
다사588561
다사619570
다사584543
다사568547
다사550554
다사567539
다사568549
다사573540
다사584564
다사575555
다사588562
다사555578
다사570545
다사589553
다사590568
다사616563
다사568543
다사590548
다사590553
다사611568
다사601581
다사576543
다사584567
다사578570
다사593552
다사558575
다사562573
다사606569
다사598561
다사568545
다사583542
다사557562
다사570539
다사605567
다사556553
다사570550
다사566571
다사579552
다사564544
다사558565
다사559581
다사576537
다사574570
다사566564
다사559580
다사600570
다사566557
다사557555
다사573547
다사546574
다사591551
다사559555
다사554586
다사588552
다사603578
다사606576
다사611567
다사556573
다사567560
다사585541
다사569568
다사569544
다사611574
다사578539
다사570542
다사565560
다사584539
다사566547
다사553551
다사612571
다사561566
다사565547
다사590570
다사585570
다사571554
다사594563
다사602580
다사562556
다사604581
다사575567
다사551554
다사613570
다사587551
다사616567
다사559554
다사576559
다사562572
다사608570
다사571561
다사592552
다사570537
다사605563
다사615563
다사552554
다사557566
다사578567
다사590565
다사555553
다사550571
다사579546
다사580561
다사619572
다사607570
다사566544
다사559573
다사589556
다사569555
다사583564
다사565569
다사569543
다사598578
다사585542
다사600563
다사611573
다사581559
다사591547
다사613567
다사559550
다사551549
다사572558
다사574568
다사588560
다사586561
다사570568
다사577551
다사573560
다사568574
다사586540
다사563556
다사612572
다사553568
다사594575
다사556570
다사578569
다사590551
다사565544
다사557567
다사595575
다사578538
다사603579
다사550548
다사567568
다사570556
다사615568
다사573561
다사561546
다사601571
다사579566
다사566561
다사562568
다사597563
다사601573
다사577549
다사576534
다사578537
다사602573
다사549553
다사575545
다사601572
다사604566
다사543553
다사598573
다사549549
다사585546
다사564543
다사551557
다사554549
다사566560
다사578559
다사582554
다사609565
다사558566
다사549551
다사607578
다사606566
다사572560
다사584554
다사575538
다사571560
다사601564
다사552549
다사557575
다사568572
다사554553
다사586557
다사580536
다사561576
다사557554
다사576562
다사600582
다사568557
다사596561
다사573563
다사550556
다사574540
다사576571
다사557549
다사605578
다사549555
다사598574
다사592568
다사594557
다사564549
다사549554
다사567545
다사607568
다사593553
다사607567
다사552552
다사553555
다사600580
다사556557
다사560578
다사574543
다사564568
다사572546
다사575542
다사567549
다사582536
다사601582
다사583537
다사580545
다사568573
다사571558
다사577536
다사618571
다사591550
다사579564
다사567559
다사564578
다사575558
다사577556
다사569564
다사572552
다사569548
다사570557
다사596577
다사599565
다사576547
다사576536
다사560580
다사555557
다사573543
다사571568
다사597560
다사610563
다사617566
다사570564
다사593558
다사577553
다사561570
다사571555
다사591568
다사555567
다사600578
다사592570
다사602569
다사566540
다사607574
다사574564
다사561550
다사556558
다사604572
다사562546
다사566562
다사574539
다사576549
다사599566
다사568560
다사568563
다사594571
다사592555
다사557556
다사561544
다사566542
다사581568
다사576540
다사596573
다사599564
다사583570
다사596574
다사603575
다사570565
다사615571
다사584568
다사562543
다사570571
다사564546
다사575560
다사584558
다사545577
다사569553
다사561551
다사571550
다사545576
다사588564
다사563570
다사569572
다사560568
다사585562
다사600567
다사575535
다사574535
다사587553
다사574537
다사584569
다사563577
다사598572
다사601575
다사605562
다사553567
다사573571
다사586558
다사563567
다사564539
다사559572
다사580557
다사615570
다사581564
다사552555
다사556564
다사583560
다사581543
다사583569
다사567566
다사567546
다사583546
다사597562
다사593566
다사559575
다사598570
다사575562
다사567572
다사553565
다사564579
다사589549
다사571556
다사559564
다사599563
다사588548
다사571564
다사593550
다사568564
다사571563
다사591554
다사595565
다사570540
다사596558
다사551553
다사560552
다사588556
다사589565
다사613566
다사585540
다사569551
다사571570
다사589564
다사614564
다사563549
다사575565
다사604570
다사586560
다사570538
다사574549
다사582568
다사584540
다사563555
다사614572
다사578543
다사562551
다사572572
다사590566
다사589560
다사567543
다사589559
다사596562
다사566543
다사549550
다사593565
다사560554
다사573564
다사564548
다사563578
다사589567
다사567570
다사577541
다사567554
다사568546
다사564564
다사572547
다사586550
다사572540
다사577555
다사558548
다사565565
다사551558
다사555555
다사556567
다사574561
다사554564
다사563576
다사568568
다사596564
다사576568
다사578535
다사591565
다사566558
다사548549
다사604568
다사604571
다사607576
다사598565
다사568540
다사572557
다사557561
다사608575
다사590560
다사586552
다사586556
다사614571
다사594555
다사579535
다사569562
다사574557
다사584563
다사556551
다사603573
다사597576
다사561567
다사579544
다사579563
다사570548
다사598564
다사597573
다사583538
다사579538
다사589551
다사579567
다사572551
다사572563
다사584538
다사567574
다사586544
다사600565
다사576546
다사567541
다사569560
다사561549
다사595561
다사574546
다사572567
다사588553
다사579543
다사567542
다사585545
다사561548
다사557568
다사562544
다사614569
다사571567
다사577538
다사567576
다사564572
다사592562
다사606564
다사612562
다사547550
다사592564
다사603582
다사565578
다사560574
다사603576
다사549557
다사589561
다사562552
다사577567
다사578549
다사598576
다사604574
다사562578
다사612574
다사572568
다사613569
다사558554
다사565572
다사567567
다사575570
다사592563
다사557571
다사575541
다사565539
다사561574
다사578534
다사568561
다사563550
다사595573
다사577539
다사605570
다사584546
다사570553
다사563563
다사572548
다사560577
다사586554
다사560562
다사564569
다사562569
다사564557
다사570549
다사575554
다사581537
다사558572
다사589569
다사592553
다사597561
다사550550
다사583563
다사577569
다사570561
다사595559
다사602579
다사554579
다사580564
다사572545
다사575569
다사556556
다사569559
다사587567
다사561547
다사574547
다사596575
다사579541
다사586563
다사578562
다사605565
다사573555
다사605572
다사548552
다사565542
다사581562
다사573557
다사561553
다사567538
다사566563
다사569563
다사560579
다사588557
다사592558
다사565555
다사574553
다사610565
다사572570
다사615564
다사588555
다사574548
다사577535
다사567557
다사605579
다사583565
다사579565
다사597577
다사557563
다사551550
다사578546
다사565575
다사567556
다사573556
다사565567
다사582556
다사562554
다사558550
다사600577
다사572537
다사592548
다사607573
다사559565
다사565563
다사596563
다사580534
다사587562
다사561571
다사579558
다사555565
다사570541
다사585557
다사566541
다사558551
다사584541
다사575548
다사600564
다사590555
다사575556
다사580556
다사551569
다사582537
다사590561
다사554548
다사587559
다사567562
다사567555
다사617563
다사572554
다사578552
다사559571
다사568570
다사578566
다사614566
다사557565
다사575550
다사558562
다사557572
다사618572
다사596576
다사589555
다사601563
다사594572
다사599579
다사576558
다사588551
다사562571
다사599576
다사563569
다사600571
다사588568
다사591552
다사577542
다사559576
다사562548
다사548553
다사583562
다사562555
다사614567
다사592556
다사593569
다사564547
다사599570
다사577540
다사579568
다사576557
다사570562
다사591557
다사562577
다사568555
다사556566
다사574542
다사575547
다사596556
다사592569
다사578540
다사595554
다사562547
다사554556
다사610575
다사577557
다사580562
다사576566
다사552572
다사573558
다사616572
다사612564
다사549558
다사547552
다사555556
다사598571
다사600576
다사602568
다사563544
다사563554
다사594561
다사592549
다사565538
다사558564
다사575563
다사585543
다사562576
다사575561
다사604573
다사560565
다사599578
다사575534
다사596572
다사603580
다사572561
다사589566
다사553564
다사576554
다사560553
다사576567
다사604563
다사584537
다사583554
다사612565
다사569545
다사558576
다사562545
다사565557
다사590557
다사616569
다사565543
다사571538
다사560569
다사547554
다사564541
다사564565
다사584544
다사598563
다사585560
다사563566
다사573539
다사587555
다사577570
다사571565
다사576561
다사566570
다사573544
다사595556
다사578563
다사555551
다사585558
다사559561
다사577566
다사565540
다사570555
다사614568
다사558552
다사607575
다사581569
다사558571
다사572571
다사551555
다사554555
다사580570
다사611566
다사570569
다사554552
다사560547
다사571544
다사558574
다사574569
다사602572
다사574565
다사599574
다사556552
다사567544
다사552557
다사593568
다사610564
다사568559
다사576539
다사565545
다사564571
다사563565
다사552569
다사573550
다사582565
다사567569
다사570544
다사592571
다사600569
다사591566
다사615565
다사559556
다사597564
다사553553
다사573545
다사596559
다사574556
다사562557
다사576533
다사578557
다사575552
다사586564
다사575544
다사606573
다사552563
다사620569
다사603572
다사579539
다사569556
다사581563
다사573548
다사581560
다사549556
다사551548
다사574552
다사599577
다사619571
다사583543
다사561572
다사554554
다사577534
다사579569
다사591548
다사556578
다사561563
다사568538
다사605574
다사574545
다사568554
다사584555
다사564542
다사553552
다사566559
다사553556
다사557573
다사582555
다사577559
다사614570
다사561552
다사613562
다사582562
다사584562
다사559551
다사573551
다사602567
다사550555
다사589552
다사569554
다사574533
다사577552
다사562564
다사573559
다사583561
다사614565
다사571552
다사604576
다사561580
다사566572
다사593557
다사573546
다사566536
다사579551
다사572559
다사610571
다사551566
다사564540
다사577558
다사603567
다사583567
다사569539
다사601580
다사566577
다사575546
다사573536
다사601566
다사571547
다사575571
다사579540
다사595570
다사592572
다사576550
다사565574
다사557557
다사594553
다사552550
다사593556
다사576535
다사580558
다사565556
다사574538
다사602575
다사590549
다사562574
다사571562
다사560555
다사571557
다사565541
다사587550
다사590556
다사584560
다사573549
다사588549
다사605566
다사557558
다사587560
다사548554
다사565577
다사564570
다사611563
다사595571
다사609572
다사583541
다사586562
다사550549
다사576564
다사552556
다사561555
다사602574
다사571543
다사550552
다사573554
다사617567
다사554557
다사610569
다사557553
다사562567
다사601576
다사616564
다사565566
다사587568
다사617569
다사598566
다사582564
다사592566
다사550551
다사604575
다사561556
다사567547
다사596560
다사605569
다사576563
다사578553
다사591570
다사546553
다사572541
다사605571
다사606575
다사583555
다사579537
다사607565
다사580560
다사557564
다사603562
다사588565
다사611569
다사574551
다사560581
다사606577
다사565576
다사593573
다사607569
다사585565
다사572556
다사572550
다사605577
다사567571
다사574558
다사572569
다사582569
다사556555
다사553554
다사568550
다사590554
다사604565
다사595562
다사575557
다사576570
다사600573
다사550553
다사585544
다사577564
다사582560
다사554565
다사556549
다사576541
다사580538
다사606567
다사570566
다사559577
다사559578
다사600581
다사558579
다사572565
다사591561
다사604578
다사620571
다사569569
다사566575
다사578556
다사581535
다사609575
다사610567
다사569567
다사552564
다사553548
다사578568
다사604579
다사564577
다사572542
다사573565
다사545553
다사565579
다사594562
다사567573
다사601569
다사603577
다사568567
다사580569
다사616570
다사605575
다사574555
다사569557
다사564574
다사597572
다사578560
다사546552
다사604577
다사616571
다사579570
다사582561
다사573572
다사548551
다사559563
다사599569
다사585559
다사584556
다사584559
다사562549
다사562570
다사556559
다사568566
다사603565
다사578533
다사577565
다사571569
다사545554
다사588558
다사572553
다사590552
다사600572
다사553581
다사588550
다사592561
다사559579
다사584570
다사570546
다사560563
다사602566
다사609570
다사574544
다사589548
다사586567
다사554561
다사575568
다사595563
다사574536
다사575559
다사566568
다사567558
다사615569
다사595560
다사599580
다사571546
다사587556
다사601570
다사577544
다사556554
다사569546
다사548555
다사561575
다사603564
다사591564
다사548550
다사599573
다사615572
다사569549
다사570547
다사564575
다사602582
다사616565
다사552565
다사571537
다사552548
다사567540
다사597574
다사554568
다사609568
다사615567
다사567563
다사612573
다사572549
다사603571
다사571545
다사603569
다사546555
다사594565
다사550557
다사585564
다사588559
다사590562
다사593554
다사608566
다사572562
다사613568
다사556550
다사570543
다사578532
다사609567
다사582563
다사593572
다사611562
다사610574
다사557552
다사565568
다사594559
다사588567
다사569547
다사568541
다사585556
다사557570
다사554558
다사579560
다사558578
다사583544
다사594573
다사583557
다사589557
다사571549
다사612566
다사577554
다사596571
다사571542
다사563575
다사601568
다사568539
다사603568
다사581536
다사576545
다사583568
다사554559
다사587561
다사559569
다사610570
다사552553
다사562566
다사578551
다사578558
다사593555
다사584561
다사570560
다사552551
다사597559
다사591569
다사566569
다사583545
다사593549
다사584542
다사558557
다사575566
다사575537
다사564555
다사603563
다사574566
다사587564
다사569537
다사572543
다사578541
다사578544
다사575549
다사591549
다사555563
다사572544
다사608567
다사613572
다사583556
다사560572
다사556562
다사558549
다사586553
다사589554
다사555577
다사580537
다사578542
다사551551
다사606570
다사577562
다사593562
다사593570
다사567548
다사580563
다사597570
다사591571
다사585554
다사560549
다사559549
다사551565
다사570554
다사585539
다사575551
다사579549
다사606568
다사546577
다사563574
다사568562
다사574559
다사583559
다사571551
다사590569
다사606559
다사583551
다사581545
다사549574
다사597556
다사590571
다사582566
다사550585
다사569575
다사546573
다사557550
다사556568
다사598580
다사565584
다사611559
다사552578
다사602561
다사580566
다사558580
다사562581
다사586546
다사562584
다사608558
다사547591
다사555568
다사547590
다사592573
다사540557
다사545581
다사546595
다사553585
다사546563
다사540554
다사580551
다사620564
다사587547
다사548558
다사557580
다사567535
다사598555
다사584551
다사586548
다사542556
다사544592
다사586565
다사581544
다사541591
다사556580
다사584548
다사605559
다사549572
다사554583
다사541590
다사564582
다사560561
다사618569
다사555581
다사604561
다사539592
다사549581
다사541559
다사608571
다사544551
다사538594
다사552582
다사620567
다사547574
다사584549
다사602555
다사551581
다사554591
다사551588
다사585569
다사555587
다사568535
다사619573
다사552583
다사585549
다사547595
다사551562
다사547563
다사564563
다사554571
다사580554
다사569552
다사564584
다사562553
다사549576
다사552574
다사605557
다사548582
다사607572
다사563573
다사595552
다사548593
다사579550
다사542588
다사550584
다사605581
다사549562
다사595569
다사589545
다사538591
다사537592
다사600560
다사588544
다사540555
다사617574
다사544582
다사556589
다사552585
다사536592
다사606578
다사537591
다사546562
다사540591
다사582541
다사545594
다사556587
다사545595
다사605580
다사551573
다사558581
다사550569
다사610559
다사542586
다사606579
다사545575
다사603561
다사565583
다사597578
다사560584
다사544555
다사588545
다사540553
다사539595
다사555589
다사543559
다사580546
다사542558
다사545557
다사545551
다사601559
다사601555
다사561584
다사563564
다사599557
다사551560
다사551559
다사555583
다사544552
다사600552
다사548581
다사602557
다사618568
다사551584
다사564561
다사546578
다사618565
다사548574
다사549565
다사546589
다사605558
다사556584
다사583571
다사548572
다사550570
다사565554
다사545585
다사546565
다사577547
다사598556
다사558586
다사544559
다사608561
다사546568
다사555561
다사601577
다사544591
다사547589
다사549591
다사561579
다사543558
다사551578
다사558559
다사604559
다사599556
다사563542
다사562542
다사536591
다사582549
다사554581
다사545590
다사557581
다사566555
다사565582
다사598568
다사541557
다사550560
다사614573
다사596568
다사545592
다사598553
다사578561
다사599553
다사546557
다사575532
다사540593
다사577571
다사563553
다사617568
다사538557
다사554580
다사578548
다사550567
다사600557
다사604557
다사548571
다사551585
다사555579
다사547548
다사555562
다사541587
다사557582
다사555584
다사546597
다사547561
다사548576
다사539554
다사547556
다사564538
다사552575
다사557559
다사554590
다사545582
다사549563
다사621569
다사557585
다사594566
다사580547
다사583539
다사552547
다사604582
다사563559
다사547565
다사597567
다사571574
다사588547
다사551577
다사573567
다사619566
다사609563
다사580548
다사602560
다사543585
다사549577
다사550566
다사599581
다사603583
다사605560
다사542589
다사550587
다사556560
다사542590
다사543590
다사566549
다사600553
다사553571
다사575564
다사566551
다사616573
다사589546
다사614562
다사586545
다사546559
다사552589
다사619567
다사621572
다사581550
다사553547
다사549579
다사553557
다사560567
다사551547
다사543551
다사565562
다사546594
다사595568
다사621568
다사548561
다사620572
다사551591
다사549566
다사548570
다사562559
다사542555
다사548585
다사539594
다사548579
다사607571
다사545560
다사582547
다사547560
다사556561
다사553576
다사597558
다사549586
다사585551
다사541595
다사552581
다사583548
다사541552
다사546590
다사565581
다사546584
다사547572
다사566538
다사552561
다사610572
다사553570
다사611575
다사552558
다사618567
다사562582
다사540586
다사550588
다사559566
다사561581
다사546588
다사567552
다사548573
다사556575
다사560557
다사609571
다사610562
다사566535
다사551570
다사612560
다사595566
다사579532
다사561582
다사557587
다사549583
다사552559
다사606562
다사549587
다사606558
다사555572
다사601560
다사560560
다사555575
다사571540
다사585552
다사550573
다사543587
다사581541
다사567553
다사543584
다사550564
다사544553
다사576572
다사538592
다사546560
다사558582
다사548559
다사549585
다사560559
다사606571
다사553574
다사597569
다사553566
다사538590
다사565553
다사542596
다사547581
다사562561
다사551576
다사544578
다사549584
다사594556
다사573534
다사564553
다사583552
다사606561
다사552586
다사607558
다사582557
다사566553
다사548564
다사545584
다사545586
다사552588
다사552560
다사555586
다사545580
다사553562
다사543579
다사589570
다사548584
다사581549
다사565549
다사549570
다사550562
다사564552
다사582558
다사602584
다사593548
다사547588
다사582553
다사545556
다사555560
다사549575
다사555570
다사563561
다사561583
다사581571
다사553580
다사597555
다사553589
다사588543
다사542583
다사541556
다사555569
다사548569
다사538556
다사617571
다사554560
다사551564
다사582535
다사584552
다사602556
다사550581
다사555571
다사548577
다사568551
다사599582
다사584565
다사563583
다사549571
다사579561
다사608576
다사563552
다사592550
다사587543
다사545588
다사543597
다사545552
다사539590
다사562583
다사602559
다사544577
다사566578
다사550568
다사620568
다사610576
다사544596
다사546585
다사579555
다사543594
다사597553
다사590546
다사548547
다사561557
다사556571
다사544593
다사619574
다사548580
다사590545
다사561562
다사550565
다사548578
다사619565
다사547575
다사544581
다사537589
다사545597
다사589543
다사600559
다사549573
다사559557
다사556585
다사582571
다사543582
다사546579
다사549559
다사618566
다사548583
다사582552
다사563581
다사546575
다사547593
다사543589
다사544575
다사608574
다사582550
다사544560
다사560583
다사542559
다사552584
다사564580
다사584553
다사550563
다사621565
다사587546
다사581556
다사546580
다사581548
다사592567
다사548567
다사550583
다사580552
다사602578
다사546566
다사542552
다사564554
다사583547
다사544561
다사586547
다사543591
다사581547
다사559559
다사553577
다사540594
다사564550
다사596553
다사546556
다사550575
다사548563
다사543586
다사606560
다사583549
다사580544
다사549568
다사549560
다사584566
다사543596
다사569550
다사582548
다사552579
다사598559
다사607562
다사546569
다사553563
다사560566
다사549580
다사581539
다사544556
다사600561
다사607559
다사568552
다사547558
다사551568
다사580540
다사544554
다사553572
다사547586
다사606557
다사550580
다사553578
다사608578
다사580549
다사542587
다사546570
다사546551
다사586542
다사545591
다사600558
다사545558
다사549594
다사541592
다사609564
다사581534
다사593559
다사548592
다사559568
다사606563
다사547562
다사558584
다사557560
다사547577
다사595567
다사622571
다사543578
다사546596
다사608560
다사603559
다사596555
다사594570
다사570573
다사607563
다사564583
다사546591
다사554582
다사559567
다사553588
다사545579
다사550574
다사552593
다사554584
다사559570
다사553583
다사621571
다사609559
다사563558
다사573538
다사573537
다사563582
다사566548
다사540558
다사544586
다사547579
다사550547
다사578547
다사549561
다사558585
다사570536
다사585548
다사539593
다사550561
다사548588
다사570574
다사549592
다사567536
다사547567
다사560571
다사545593
다사549547
다사617573
다사541555
다사571573
다사598558
다사543554
다사558583
다사559584
다사557548
다사581542
다사546586
다사553586
다사581540
다사608573
다사556574
다사546581
다사552592
다사598579
다사564562
다사546572
다사544589
다사597557
다사590547
다사549567
다사552562
다사599560
다사581557
다사610560
다사539589
다사618574
다사543593
다사601578
다사621567
다사548589
다사599554
다사543560
다사608562
다사558560
다사579533
다사547585
다사544580
다사607561
다사540587
다사609561
다사552587
다사541593
다사547557
다사567551
다사544557
다사541553
다사583566
다사594551
다사544585
다사555573
다사553582
다사599558
다사584547
다사579554
다사609562
다사565552
다사556581
다사563551
다사541554
다사594569
다사561560
다사544583
다사609558
다사604558
다사547549
다사546582
다사542557
다사554569
다사546561
다사618573
다사582567
다사543552
다사622572
다사564560
다사555590
다사559560
다사584571
다사574573
다사543580
다사562579
다사564551
다사546592
다사599552
다사548566
다사552573
다사606580
다사620573
다사593567
다사608564
다사566550
다사556582
다사562565
다사540595
다사619564
다사550576
다사548557
다사551586
다사565548
다사552591
다사558561
다사551593
다사621566
다사564558
다사553561
다사541586
다사548587
다사556583
다사540590
다사554566
다사619568
다사549588
다사579553
다사553587
다사548590
다사541596
다사545587
다사573573
다사599561
다사567550
다사551561
다사554578
다사561558
다사542554
다사598557
다사539556
다사557586
다사550582
다사543592
다사551574
다사536589
다사601554
다사618564
다사609573
다사562580
다사583550
다사551589
다사559583
다사547578
다사559582
다사600554
다사543583
다사543588
다사601556
다사542595
다사600562
다사581551
다사542594
다사571541
다사536590
다사543556
다사549589
다사556588
다사550572
다사588542
다사544579
다사546567
다사569573
다사579548
다사609560
다사615573
다사602571
다사546583
다사549590
다사555580
다사549582
다사547559
다사581538
다사552576
다사599555
다사540556
다사551580
다사610561
다사547568
다사550579
다사554573
다사545561
다사563562
다사559547
다사581555
다사547576
다사554585
다사601562
다사580539
다사582551
다사565551
다사550592
다사544594
다사608559
다사554576
다사582538
다사586568
다사621570
다사604560
다사582544
다사555582
다사565580
다사542553
다사548560
다사544588
다사546571
다사608577
다사546550
다사581552
다사541588
다사545578
다사543555
다사544558
다사559585
다사567577
다사608572
다사608563
다사543581
다사547583
다사552580
다사562558
다사601561
다사547587
다사541558
다사617565
다사551583
다사607564
다사597565
다사560558
다사589544
다사539591
다사549593
다사613573
다사583540
다사554563
다사553584
다사598554
다사586551
다사598560
다사603560
다사603557
다사546587
다사588546
다사556579
다사610558
다사553573
다사553591
다사550586
다사539553
다사565559
다사557583
다사537593
다사601557
다사547594
다사576542
다사602577
다사591559
다사601558
다사552577
다사554575
다사600555
다사602558
다사562563
다사581553
다사620566
다사547569
다사551575
다사537590
다사554587
다사538593
다사572539
다사547580
다사548595
다사563560
다사617572
다사555588
다사599559
다사620574
다사541594
다사551563
다사554589
다사545589
다사550589
다사549578
다사551579
다사587544
다사551587
다사550577
다사581546
다사544587
다사552590
다사605561
다사579547
다사550590
다사583553
다사545574
다사556576
다사562560
다사544584
다사548596
다사588569
다사564581
다사543595
다사539555
다사581565
다사574572
다사597568
다사564576
다사541589
다사552571
다사568553
다사550578
다사539558
다사546549
다사539557
다사538589
다사540589
다사548575
다사551582
다사582540
다사552570
다사596565
다사607577
다사556586
다사554572
다사549569
다사544576
다사547570
다사543557
다사562562
다사547573
다사561578
다사554570
다사548548
다사563579
다사541585
다사549564
다사555576
다사548591
다사565550
다사568575
다사589547
다사548568
다사544590
다사547551
다사607560
다사551592
다사595576
다사548594
다사585550
다사606572
다사564559
다사538555
다사561559
다사553579
다사594568
다사553592
다사560544
다사592551
다사550591
다사554574
다사556569
다사598569
다사545583
다사547596
다사603558
다사582539
다사583536
다사593574
다사545596
다사609577
다사556548
다사550593
다사580553
다사542592
다사547582
다사557584
다사592559
다사554577
다사580555
다사620565
다사554588
다사540559
다사551567
다사584550
다사597554
다사542593
다사546576
다사538554
다사547566
다사586566
다사553558
다사548565
다사598567
다사568536
다사558556
다사566552
다사545555
다사580550
다사559586
다사559558
다사544597
다사544595
다사557569
다사585553
다사581566
다사551590
다사553575
다사581554
다사555574
다사547592
다사569574
다사542591
다사540592
다사545559
다사596554
다사594567
다사547584
다사546593
다사542584
다사547564
다사587542
다사596567
다사561585
다사621573
다사551572
다사561561
다사582542
다사560585
다사570572
다사611560
다사553560
다사546558
다사586549
다사553559
다사548562
다사567537
다사582543
다사555585
다사611558
다사594558
다사600556
다사553590
다사563580
다사542585
다사546564
다사586543
다사568537
다사548586
다사549595
다사551571
다사581519
다사600503
다사588504
다사579522
다사618506
다사614513
다사597493
다사604515
다사597520
다사581499
다사589523
다사587518
다사604513
다사593522
다사612489
다사571489
다사582514
다사617499
다사584523
다사600514
다사606496
다사590503
다사586510
다사580503
다사612488
다사612492
다사600492
다사592514
다사588517
다사593525
다사609514
다사613493
다사569493
다사598492
다사583503
다사593524
다사579497
다사591520
다사577495
다사601513
다사598502
다사601522
다사579502
다사584508
다사589510
다사600490
다사578510
다사594508
다사597492
다사605486
다사598493
다사574493
다사606492
다사609486
다사569495
다사590524
다사603502
다사590508
다사617500
다사617503
다사592519
다사592525
다사611491
다사578502
다사603515
다사618504
다사598515
다사603501
다사597517
다사620508
다사599488
다사571490
다사589525
다사606494
다사599487
다사574502
다사575496
다사589505
다사598497
다사582512
다사572493
다사599489
다사588514
다사598501
다사589512
다사587500
다사582513
다사587505
다사572490
다사582524
다사618500
다사610498
다사603492
다사580520
다사569491
다사576505
다사608494
다사588518
다사610494
다사578495
다사611492
다사582519
다사607517
다사583520
다사604492
다사598519
다사581513
다사607487
다사601491
다사591512
다사592523
다사568490
다사594512
다사589516
다사575500
다사611514
다사606502
다사619507
다사613490
다사609498
다사604520
다사574501
다사581522
다사600497
다사570493
다사598491
다사596509
다사603517
다사608492
다사602519
다사577498
다사603489
다사600496
다사585504
다사583502
다사570491
다사577507
다사590518
다사596498
다사580506
다사570498
다사608498
다사591506
다사572497
다사613500
다사596495
다사610497
다사612493
다사586502
다사575501
다사587517
다사581501
다사580501
다사577496
다사593511
다사598498
다사604519
다사582521
다사605492
다사611499
다사600512
다사597497
다사594523
다사596501
다사580509
다사620509
다사588524
다사587513
다사582510
다사582498
다사579500
다사580519
다사597514
다사611488
다사575510
다사595512
다사581521
다사604518
다사581511
다사605518
다사601516
다사582507
다사583521
다사609489
다사582508
다사607488
다사612494
다사582509
다사577502
다사617513
다사585514
다사579520
다사585519
다사590523
다사610499
다사589524
다사611494
다사598516
다사594525
다사605489
다사595498
다사606518
다사578499
다사567494
다사607498
다사602497
다사583507
다사576497
다사593514
다사607516
다사601492
다사576509
다사602494
다사607486
다사568495
다사599495
다사613492
다사604514
다사584517
다사588508
다사621507
다사572501
다사570495
다사586507
다사583522
다사593517
다사605497
다사602517
다사605500
다사596497
다사574497
다사619512
다사567491
다사580523
다사572496
다사599515
다사602492
다사600495
다사592521
다사608506
다사594513
다사591507
다사576500
다사600516
다사615501
다사572499
다사621509
다사573496
다사609490
다사574492
다사591516
다사587504
다사605514
다사600515
다사602487
다사578512
다사599503
다사593509
다사599493
다사616502
다사581503
다사602500
다사616513
다사605494
다사587520
다사612495
다사583517
다사592520
다사573502
다사622511
다사605513
다사601487
다사604501
다사576503
다사585522
다사598503
다사601512
다사587503
다사584505
다사608489
다사599513
다사583523
다사603516
다사603496
다사580513
다사607484
다사591523
다사599500
다사597513
다사569494
다사606498
다사592509
다사600500
다사581497
다사579496
다사602522
다사570499
다사612500
다사594510
다사578501
다사592515
다사579511
다사575504
다사589515
다사593515
다사606491
다사604502
다사612514
다사590519
다사595518
다사600498
다사585521
다사592506
다사606499
다사573499
다사608496
다사600511
다사576499
다사594509
다사603518
다사575507
다사583516
다사573494
다사591510
다사585511
다사609496
다사566491
다사581514
다사584520
다사597521
다사587502
다사582523
다사580524
다사587499
다사602491
다사615513
다사581504
다사590509
다사573505
다사611500
다사579514
다사590512
다사609492
다사586522
다사602490
다사583500
다사598499
다사585520
다사603520
다사586516
다사585518
다사606490
다사600493
다사596514
다사577501
다사594518
다사596508
다사583508
다사577505
다사616503
다사608488
다사604497
다사586506
다사581516
다사597523
다사573495
다사604495
다사596523
다사596519
다사579523
다사604512
다사602493
다사607491
다사591505
다사586512
다사599496
다사600499
다사597518
다사607496
다사597501
다사567490
다사583515
다사599494
다사597491
다사570494
다사580502
다사591513
다사603500
다사579521
다사609500
다사587516
다사587507
다사601489
다사606487
다사612513
다사575493
다사586509
다사619503
다사597522
다사586504
다사575503
다사598488
다사590505
다사575508
다사580518
다사591525
다사586514
다사608493
다사606486
다사586513
다사607499
다사585500
다사584507
다사574499
다사574504
다사578500
다사587508
다사616501
다사599516
다사605485
다사608484
다사568494
다사579513
다사606517
다사604517
다사608491
다사595501
다사593523
다사579512
다사590511
다사573501
다사585505
다사581507
다사582499
다사584510
다사589513
다사583514
다사592507
다사612499
다사601495
다사579507
다사599498
다사614498
다사580500
다사579503
다사610485
다사584522
다사581498
다사616499
다사579510
다사578506
다사607485
다사593516
다사610490
다사568491
다사619505
다사582511
다사606488
다사591521
다사601515
다사598522
다사600489
다사595515
다사606493
다사572500
다사590521
다사590504
다사573497
다사581509
다사595499
다사604494
다사601500
다사607494
다사566493
다사572492
다사596499
다사607493
다사618512
다사582518
다사591508
다사579501
다사589503
다사569496
다사589507
다사594511
다사602495
다사603487
다사610491
다사601488
다사590516
다사590520
다사594515
다사604500
다사602521
다사578497
다사575499
다사578494
다사609497
다사584504
다사579495
다사605499
다사591522
다사601503
다사605519
다사581524
다사590525
다사589520
다사568493
다사611496
다사584521
다사591511
다사611490
다사603521
다사581518
다사589509
다사602486
다사611497
다사600501
다사612497
다사574503
다사586520
다사569499
다사579498
다사587519
다사608485
다사612496
다사618501
다사588507
다사607515
다사592524
다사591518
다사621508
다사612491
다사613514
다사619502
다사571494
다사583504
다사614500
다사603495
다사581515
다사606489
다사611489
다사599497
다사568497
다사575494
다사581510
다사614505
다사593520
다사592517
다사602501
다사620505
다사605498
다사570492
다사608497
다사593499
다사592516
다사582503
다사609515
다사586501
다사575505
다사593512
다사588506
다사580514
다사595500
다사606514
다사614492
다사604499
다사603498
다사573492
다사602488
다사591519
다사595523
다사570501
다사583513
다사580508
다사602489
다사582516
다사600502
다사598489
다사580512
다사611495
다사598517
다사594522
다사582501
다사589511
다사574498
다사578503
다사581523
다사577506
다사597502
다사597490
다사600518
다사610495
다사593510
다사603490
다사601514
다사611485
다사574507
다사610486
다사599518
다사585501
다사583501
다사620506
다사571499
다사580511
다사597498
다사599514
다사568498
다사589522
다사584515
다사593513
다사580504
다사622509
다사595516
다사579506
다사586500
다사598496
다사613491
다사609487
다사592518
다사579509
다사581506
다사595520
다사571491
다사606515
다사605502
다사598490
다사604516
다사613489
다사604489
다사589517
다사586508
다사607492
다사582522
다사597489
다사580522
다사601499
다사604493
다사588522
다사601498
다사609488
다사604487
다사603488
다사610488
다사580499
다사578509
다사593518
다사589508
다사576498
다사575495
다사599492
다사614494
다사598514
다사599502
다사574506
다사577508
다사602499
다사576508
다사571500
다사616498
다사592522
다사585510
다사580521
다사585516
다사586523
다사570496
다사572489
다사574508
다사573498
다사588520
다사592511
다사593508
다사615497
다사597519
다사596513
다사594516
다사578504
다사572495
다사596515
다사609491
다사575506
다사583518
다사589521
다사571493
다사582500
다사609493
다사612490
다사601501
다사608501
다사599520
다사587515
다사573491
다사596520
다사569498
다사607510
다사603519
다사604486
다사574505
다사604491
다사581500
다사592508
다사590506
다사619504
다사585503
다사583519
다사573500
다사589506
다사582505
다사581508
다사584516
다사579519
다사585513
다사599490
다사585507
다사584502
다사584518
다사598495
다사607497
다사576507
다사585512
다사607501
다사599512
다사616496
다사586519
다사590522
다사595517
다사594519
다사597516
다사572503
다사603499
다사608499
다사615498
다사622510
다사575492
다사596518
다사594498
다사609485
다사594499
다사583510
다사590510
다사598521
다사608487
다사593498
다사601497
다사601486
다사598520
다사569500
다사587521
다사615499
다사596496
다사601502
다사579505
다사582502
다사606485
다사587512
다사590513
다사584512
다사615495
다사574494
다사585517
다사593519
다사571497
다사621510
다사615494
다사601493
다사587523
다사605495
다사619506
다사587522
다사610514
다사579524
다사608490
다사602520
다사607490
다사605487
다사595509
다사599501
다사609499
다사566492
다사596500
다사610489
다사596522
다사577500
다사571495
다사572494
다사585502
다사573503
다사617501
다사584503
다사588515
다사594514
다사605516
다사608486
다사591515
다사599519
다사584513
다사588510
다사580498
다사601496
다사589504
다사567492
다사605488
다사602518
다사592510
다사606497
다사588516
다사598513
다사572491
다사601521
다사581512
다사583509
다사588505
다사581505
다사606516
다사568492
다사586518
다사571498
다사595519
다사584511
다사596517
다사597515
다사587511
다사598518
다사614499
다사577499
다사570490
다사588523
다사598494
다사609484
다사570497
다사587501
다사594524
다사611487
다사572502
다사595508
다사582517
다사578508
다사605517
다사615500
다사575502
다사596521
다사577504
다사590517
다사616500
다사598511
다사584514
다사600513
다사597500
다사585509
다사620507
다사584509
다사571501
다사569490
다사582515
다사601490
다사610487
다사598512
다사594517
다사567493
다사605493
다사595513
다사588519
다사595511
다사576506
다사599499
다사614514
다사613497
다사600517
다사578511
다사576504
다사603494
다사590507
다사611486
다사575509
다사618502
다사591509
다사605496
다사618505
다사586505
다사609506
다사613494
다사572498
다사613499
다사600487
다사603486
다사613513
다사612498
다사605515
다사577503
다사602502
다사596516
다사578507
다사584519
다사596512
다사619511
다사595524
다사580505
다사586521
다사606501
다사586511
다사575497
다사589519
다사586503
다사582504
다사588513
다사570500
다사600491
다사571496
다사608500
다사607500
다사605501
다사604488
다사599517
다사602513
다사608495
다사586515
다사595497
다사569497
다사581502
다사578498
다사587506
다사579508
다사602496
다사591517
다사607489
다사611493
다사574496
다사578496
다사585508
다사598500
다사576502
다사599491
다사589518
다사600488
다사588521
다사574500
다사576501
다사579504
다사604498
다사573493
다사585515
다사611513
다사587514
다사607495
다사618503
다사607504
다사584501
다사583511
다사607514
다사580507
다사583512
다사580510
다사579499
다사591524
다사606500
다사617504
다사615496
다사617502
다사575498
다사576510
다사589514
다사591504
다사586517
다사604485
다사573508
다사604521
다사584496
다사597504
다사587492
다사606519
다사616508
다사586497
다사600505
다사580491
다사578492
다사602482
다사611507
다사588491
다사607509
다사613510
다사606481
다사597495
다사600494
다사573488
다사590500
다사618508
다사589490
다사610515
다사581525
다사605503
다사585489
다사595522
다사605507
다사599521
다사592487
다사595521
다사601520
다사616505
다사578488
다사599508
다사585496
다사594493
다사617506
다사598509
다사593504
다사616509
다사574486
다사599525
다사583498
다사587498
다사590498
다사609512
다사566496
다사613508
다사594507
다사580495
다사586496
다사573504
다사595494
다사604508
다사577490
다사613507
다사578491
다사576488
다사606509
다사583506
다사602514
다사567496
다사581492
다사595527
다사592526
다사580487
다사590497
다사597512
다사611515
다사575487
다사574491
다사588501
다사589492
다사573489
다사609507
다사574485
다사585486
다사606512
다사575484
다사594492
다사612515
다사590494
다사600523
다사581487
다사606510
다사595495
다사584500
다사583494
다사593496
다사606513
다사604507
다사594527
다사573484
다사615512
다사606477
다사581496
다사611505
다사592498
다사587489
다사602505
다사597526
다사606495
다사576494
다사577486
다사581489
다사594495
다사600507
다사604481
다사613501
다사595489
다사569489
다사602512
다사606483
다사591493
다사602508
다사611484
다사610504
다사567497
다사593527
다사612486
다사580497
다사593494
다사570502
다사587524
다사589496
다사583490
다사587495
다사583487
다사571492
다사606507
다사599483
다사590514
다사597525
다사596491
다사618513
다사607503
다사568489
다사571503
다사608513
다사601506
다사592489
다사566490
다사586486
다사580515
다사601509
다사582495
다사597506
다사585499
다사607506
다사593501
다사577509
다사608503
다사603503
다사622508
다사597507
다사594501
다사589487
다사621513
다사583496
다사566498
다사594503
다사615509
다사596526
다사603493
다사610502
다사603483
다사610507
다사596486
다사614510
다사600510
다사575485
다사574490
다사608480
다사614507
다사588496
다사588497
다사600504
다사603506
다사593502
다사614508
다사579490
다사602481
다사618499
다사620504
다사604480
다사616511
다사585493
다사598484
다사588502
다사596489
다사615505
다사611510
다사599504
다사565495
다사583493
다사592513
다사592503
다사614506
다사616504
다사593495
다사575486
다사595492
다사580492
다사613509
다사592493
다사617508
다사610503
다사593487
다사604496
다사579487
다사601518
다사618511
다사583491
다사582489
다사589489
다사613498
다사572488
다사601510
다사586495
다사610510
다사578513
다사577487
다사598506
다사598507
다사605509
다사618509
다사620510
다사582493
다사608514
다사617498
다사601507
다사604490
다사602483
다사603514
다사604505
다사607512
다사596503
다사579489
다사594504
다사612503
다사609513
다사595526
다사572505
다사585491
다사591489
다사593490
다사617511
다사616510
다사611504
다사621511
다사604511
다사603510
다사592501
다사584490
다사599522
다사594487
다사608507
다사572504
다사613512
다사581490
다사578489
다사585497
다사593505
다사595510
다사587493
다사582494
다사596527
다사614512
다사606511
다사604510
다사608481
다사599486
다사612501
다사617505
다사597488
다사595503
다사608479
다사601508
다사615502
다사595488
다사603507
다사607518
다사587488
다사579494
다사601494
다사608502
다사610492
다사603511
다사591526
다사596511
다사616512
다사599509
다사609495
다사595505
다사592496
다사591501
다사615503
다사611498
다사598510
다사583488
다사584506
다사569501
다사617512
다사617497
다사605491
다사615514
다사586490
다사598485
다사574488
다사614511
다사608517
다사596484
다사594497
다사600509
다사585488
다사588500
다사598504
다사600482
다사568496
다사612507
다사598505
다사606503
다사618510
다사614504
다사590486
다사586493
다사613504
다사593485
다사567489
다사616495
다사592488
다사595487
다사599485
다사596502
다사588498
다사608510
다사614497
다사612509
다사591490
다사582525
다사583489
다사591497
다사585506
다사591498
다사609503
다사590489
다사612508
다사606484
다사601511
다사597524
다사605505
다사591486
다사610501
다사594485
다사617507
다사612502
다사587509
다사567495
다사604484
다사595506
다사594496
다사580488
다사604506
다사596525
다사576486
다사599506
다사590490
다사615504
다사569492
다사584498
다사609508
다사583486
다사603491
다사606478
다사588487
다사580496
다사609482
다사582487
다사608516
다사619513
다사601524
다사592502
다사611511
다사595490
다사597505
다사584487
다사581493
다사587510
다사574495
다사585498
다사612512
다사595507
다사579488
다사604504
다사612505
다사594520
다사593507
다사621512
다사611509
다사573507
다사589488
다사566495
다사583524
다사574509
다사603512
다사597486
다사601519
다사600506
다사602506
다사577494
다사614495
다사599523
다사588503
다사589501
다사611512
다사614491
다사565497
다사592494
다사590495
다사605482
다사608515
다사577492
다사610512
다사579526
다사623510
다사599507
다사600483
다사592527
다사584489
다사602511
다사582486
다사609481
다사607477
다사613506
다사586492
다사573485
다사610500
다사591492
다사607511
다사617510
다사584499
다사592486
다사593486
다사582491
다사597485
다사623512
다사607505
다사607481
다사580494
다사602510
다사582520
다사616514
다사609516
다사605481
다사597511
다사582497
다사589491
다사596487
다사609501
다사593492
다사586488
다사610493
다사585487
다사610484
다사616507
다사580525
다사592490
다사614493
다사603513
다사584497
다사605490
다사602515
다사603504
다사609509
다사574484
다사582490
다사600486
다사595514
다사603508
다사581517
다사595502
다사592512
다사583492
다사585492
다사610511
다사596524
다사601504
다사620513
다사612504
다사582496
다사593503
다사576489
다사601505
다사599511
다사601523
다사599484
다사583495
다사582488
다사586489
다사602516
다사588512
다사603505
다사614496
다사586494
다사597496
다사602503
다사593488
다사596510
다사609511
다사587490
다사566499
다사596494
다사578493
다사595504
다사589497
다사593526
다사587491
다사602509
다사607480
다사592504
다사579492
다사594526
다사599505
다사586491
다사594486
다사619509
다사605520
다사584493
다사589526
다사607478
다사593497
다사600484
다사578486
다사592505
다사580489
다사590493
다사613495
다사608505
다사606505
다사588494
다사623511
다사598523
다사596485
다사610506
다사604479
다사617509
다사615510
다사590501
다사588489
다사607507
다사588525
다사567499
다사600522
다사589502
다사581488
다사595491
다사597494
다사577493
다사597509
다사598486
다사615511
다사593489
다사592500
다사616497
다사604482
다사612506
다사596506
다사610508
다사582506
다사571504
다사610513
다사573506
다사611503
다사608511
다사602523
다사589495
다사588499
다사583497
다사616506
다사602498
다사577497
다사608512
다사590502
다사596488
다사609510
다사570503
다사591496
다사576495
다사566494
다사604483
다사584486
다사574487
다사596505
다사601517
다사601481
다사608482
다사609494
다사576487
다사579493
다사597499
다사610496
다사581520
다사608483
다사613505
다사604509
다사619508
다사576492
다사586498
다사603484
다사588495
다사575490
다사606480
다사573486
다사596490
다사591500
다사608504
다사589493
다사604503
다사587496
다사590492
다사568500
다사587486
다사611502
다사596492
다사576490
다사574489
다사584494
다사571502
다사592491
다사585490
다사579491
다사600485
다사595486
다사586499
다사597510
다사607502
다사601483
다사588511
다사606482
다사599524
다사584492
다사578490
다사598487
다사603485
다사614501
다사613502
다사591502
다사618507
다사601485
다사598524
다사606506
다사615493
다사591494
다사614509
다사591487
다사589498
다사595485
다사567498
다사577510
다사605510
다사584488
다사589486
다사586487
다사595525
다사612511
다사580493
다사590491
다사609483
다사576493
다사587487
다사622512
다사594502
다사579525
다사589494
다사565496
다사578487
다사593506
다사578505
다사581494
다사602485
다사608477
다사611501
다사588492
다사588488
다사584495
다사591491
다사594490
다사585494
다사603481
다사594488
다사603522
다사605504
다사595493
다사609504
다사597487
다사590488
다사592497
다사601482
다사610509
다사581486
다사576496
다사588490
다사611506
다사575489
다사613496
다사591514
다사612487
다사583499
다사606504
다사584491
다사621506
다사600521
다사597508
다사607508
다사588509
다사605480
다사591503
다사620512
다사580486
다사576491
다사599510
다사593521
다사593493
다사587497
다사598508
다사608509
다사594521
다사594491
다사581495
다사610482
다사576485
다사605478
다사579486
다사615507
다사609480
다사613488
다사600508
다사591495
다사589500
다사580490
다사603482
다사592492
다사601484
다사607513
다사605484
다사609505
다사619510
다사593491
다사611508
다사591488
다사605508
다사588493
다사571488
다사575491
다사570489
다사620511
다사596493
다사577489
다사584524
다사617514
다사612510
다사581491
다사585495
다사566497
다사594506
다사573487
다사590499
다사579518
다사614502
다사593500
다사610483
다사602504
다사582492
다사605483
다사608508
다사615506
다사600524
다사583505
다사577491
다사597503
다사592499
다사577488
다사590526
다사592495
다사602507
다사614503
다사586524
다사596504
다사603480
다사602484
다사615508
다사591499
다사607479
다사590487
다사606508
다사585523
다사600520
다사613503
다사590515
다사613511
다사568499
다사606479
다사609502
다사573490
다사588486
다사594494
다사605511
다사600519
다사594505
다사605506
다사596507
다사589499
다사610505
다사603497
다사587494
다사603509
다사607483
다사605512
다사595496
다사594500
다사590496
다사597484
다사607482
다사575488
다사608478
다사605479
다사594489
다사598525
다사578438
다사588408
다사561455
다사609383
다사557432
다사593424
다사561454
다사566449
다사547425
다사580414
다사565457
다사580405
다사542418
다사579404
다사543424
다사568427
다사557425
다사564431
다사608398
다사573431
다사553452
다사553432
다사567458
다사577450
다사577455
다사551423
다사567455
다사555426
다사570463
다사551419
다사567447
다사577408
다사601414
다사559422
다사576408
다사573437
다사574442
다사595420
다사574448
다사583421
다사553435
다사592413
다사557429
다사573439
다사577404
다사557442
다사550436
다사625394
다사554444
다사544439
다사566439
다사571404
다사562421
다사588417
다사552424
다사572454
다사635399
다사574407
다사559423
다사550444
다사578415
다사549448
다사620404
다사619375
다사549443
다사583436
다사569466
다사574435
다사547447
다사566461
다사550424
다사574433
다사548448
다사605406
다사577403
다사590427
다사558448
다사613395
다사567454
다사577430
다사574399
다사620368
다사552453
다사549441
다사571451
다사588406
다사574408
다사581403
다사559430
다사554427
다사570462
다사576428
다사545431
다사545440
다사554435
다사548429
다사559457
다사577429
다사549422
다사616393
다사613394
다사570454
다사550414
다사608390
다사571445
다사556421
다사573447
다사570438
다사549436
다사584420
다사545447
다사577434
다사566436
다사578430
다사546434
다사560419
다사598418
다사577428
다사574438
다사634408
다사576455
다사572398
다사606405
다사544443
다사552439
다사571436
다사579428
다사576452
다사551425
다사575455
다사634404
다사599404
다사596411
다사571466
다사575407
다사572444
다사571454
다사581415
다사543451
다사580403
다사581416
다사628396
다사568425
다사564453
다사555427
다사578449
다사571439
다사554437
다사574440
다사575408
다사567435
다사574427
다사550418
다사584434
다사547443
다사549442
다사550422
다사553426
다사545432
다사565436
다사597411
다사580408
다사599416
다사551406
다사569468
다사572433
다사555440
다사543437
다사562433
다사562459
다사573443
다사551422
다사560430
다사610386
다사548433
다사636406
다사566460
다사548421
다사575437
다사589419
다사573430
다사621402
다사578431
다사594425
다사548434
다사558444
다사608386
다사595409
다사591425
다사554450
다사565459
다사627392
다사546442
다사547421
다사593414
다사557423
다사550435
다사553438
다사562425
다사572462
다사572464
다사586432
다사592416
다사571449
다사545448
다사555451
다사554426
다사557433
다사555450
다사594429
다사597415
다사573450
다사549406
다사552433
다사546420
다사566432
다사635407
다사572469
다사577407
다사550446
다사602405
다사561456
다사544450
다사555439
다사549430
다사597410
다사547441
다사550419
다사548440
다사553437
다사593413
다사559424
다사568461
다사550411
다사593412
다사611397
다사565461
다사554429
다사566456
다사551433
다사572451
다사554448
다사574453
다사551432
다사578432
다사598419
다사558425
다사565448
다사590429
다사550429
다사608389
다사570447
다사554432
다사569433
다사582441
다사607393
다사574432
다사543417
다사577437
다사552426
다사583431
다사570430
다사589420
다사553454
다사574446
다사559447
다사572463
다사586418
다사562454
다사570435
다사558440
다사571464
다사548410
다사548436
다사548439
다사567437
다사562431
다사584435
다사550406
다사572443
다사561422
다사561428
다사594422
다사581405
다사596412
다사569448
다사578429
다사573464
다사557424
다사570459
다사569439
다사542421
다사549440
다사546448
다사576435
다사583428
다사555436
다사543422
다사572468
다사564432
다사582405
다사572437
다사629401
다사576409
다사580435
다사575399
다사565449
다사569430
다사611395
다사543442
다사570428
다사561432
다사590422
다사549428
다사611398
다사583405
다사572431
다사567452
다사549409
다사575442
다사599413
다사568399
다사608388
다사630393
다사543441
다사542417
다사571442
다사550441
다사635400
다사599417
다사559439
다사592424
다사552437
다사613397
다사632389
다사608391
다사601399
다사545450
다사589409
다사579400
다사547446
다사615392
다사556427
다사573399
다사619373
다사587417
다사608399
다사589403
다사628395
다사591419
다사553419
다사576451
다사570460
다사576445
다사545427
다사599418
다사549444
다사571450
다사546451
다사570431
다사568466
다사546438
다사593415
다사543443
다사550430
다사568454
다사556432
다사572427
다사577416
다사570400
다사573453
다사570441
다사585432
다사633409
다사592425
다사565433
다사556444
다사575431
다사628397
다사615396
다사579448
다사548420
다사608387
다사574463
다사596419
다사579413
다사547411
다사609398
다사574406
다사573446
다사561431
다사555443
다사576433
다사549451
다사602397
다사565431
다사577431
다사603395
다사556429
다사558453
다사561429
다사573429
다사575410
다사566426
다사563423
다사574437
다사547437
다사601415
다사543415
다사547424
다사569397
다사574443
다사567427
다사552415
다사615391
다사575436
다사557446
다사547432
다사579435
다사590420
다사588422
다사573438
다사623396
다사549437
다사573441
다사544435
다사553425
다사579449
다사587422
다사546422
다사608382
다사558454
다사566437
다사576458
다사572461
다사545424
다사630403
다사542423
다사550427
다사549438
다사562423
다사583441
다사617396
다사541450
다사574454
다사608397
다사567460
다사567429
다사592414
다사570436
다사604404
다사574400
다사570455
다사564456
다사570432
다사626395
다사588404
다사553443
다사573428
다사580417
다사577438
다사589428
다사554425
다사547436
다사555442
다사544416
다사609392
다사579442
다사588407
다사574451
다사567426
다사634401
다사547440
다사568435
다사637404
다사554442
다사562424
다사593419
다사579405
다사553428
다사600417
다사577451
다사573465
다사575438
다사579411
다사550428
다사560423
다사571446
다사582440
다사564461
다사571443
다사580415
다사614397
다사563455
다사573459
다사548419
다사567428
다사576403
다사547431
다사594418
다사556450
다사566423
다사567430
다사549418
다사566450
다사589418
다사616374
다사576442
다사587418
다사594421
다사618397
다사576453
다사574441
다사549408
다사557444
다사595410
다사571402
다사579416
다사615393
다사615390
다사565438
다사558455
다사551424
다사554434
다사614398
다사640401
다사544427
다사613374
다사622401
다사549434
다사569398
다사598411
다사564429
다사606381
다사548431
다사593416
다사550437
다사546419
다사547419
다사571470
다사628394
다사543423
다사571453
다사574431
다사598410
다사574459
다사582431
다사545442
다사562457
다사572471
다사554439
다사556438
다사579446
다사568440
다사594415
다사556420
다사573461
다사582432
다사544436
다사549447
다사573456
다사602403
다사545444
다사610396
다사575432
다사552452
다사599393
다사568430
다사556426
다사543435
다사586431
다사544424
다사594414
다사575451
다사548444
다사569452
다사584418
다사583406
다사614382
다사546446
다사625395
다사582420
다사582411
다사543431
다사576438
다사548435
다사553444
다사563459
다사568451
다사567461
다사576407
다사565458
다사545434
다사595408
다사577417
다사568450
다사611382
다사556449
다사560427
다사592423
다사568400
다사618374
다사584432
다사616394
다사559421
다사569437
다사562434
다사552421
다사636402
다사542426
다사549433
다사616392
다사599401
다사617393
다사595412
다사594412
다사586430
다사569427
다사548407
다사558424
다사563429
다사565423
다사565437
다사543439
다사609388
다사573398
다사596409
다사567431
다사554416
다사572459
다사580411
다사549423
다사568448
다사546423
다사583435
다사569438
다사590405
다사575452
다사564424
다사578404
다사633408
다사594423
다사551435
다사568452
다사576432
다사599411
다사552418
다사546431
다사629398
다사584437
다사567465
다사555447
다사631392
다사542425
다사554445
다사557441
다사580406
다사602414
다사597421
다사598420
다사542416
다사620400
다사589421
다사581414
다사589417
다사580431
다사569419
다사609386
다사571438
다사620401
다사552443
다사580446
다사547433
다사546414
다사553436
다사582416
다사567459
다사610395
다사572442
다사544421
다사553429
다사567453
다사547427
다사560422
다사588420
다사570404
다사543418
다사575441
다사580416
다사565462
다사581411
다사581440
다사582408
다사577399
다사609389
다사569462
다사550420
다사572452
다사595401
다사552436
다사544428
다사545421
다사574461
다사606406
다사547435
다사557430
다사570448
다사566425
다사604406
다사592427
다사563427
다사636398
다사550432
다사617375
다사593422
다사597419
다사543426
다사591426
다사574464
다사571468
다사601413
다사574445
다사550440
다사561430
다사570457
다사559443
다사588423
다사553440
다사571437
다사607391
다사594417
다사602415
다사545437
다사570467
다사602404
다사546436
다사568457
다사607398
다사608385
다사559429
다사576457
다사589423
다사548409
다사547410
다사617394
다사542434
다사552435
다사593411
다사563430
다사569432
다사571427
다사564425
다사568462
다사558418
다사574436
다사568433
다사616391
다사585431
다사588409
다사552419
다사572439
다사541449
다사578435
다사595427
다사577456
다사574434
다사593420
다사554433
다사591422
다사607390
다사544425
다사574455
다사549427
다사561423
다사548447
다사564433
다사571430
다사571462
다사550453
다사542432
다사550434
다사572430
다사619399
다사544429
다사575440
다사542427
다사551453
다사564454
다사573462
다사581435
다사600399
다사582429
다사583440
다사637401
다사557449
다사607399
다사543430
다사565456
다사597409
다사573449
다사570449
다사592421
다사559448
다사571441
다사568465
다사573432
다사559427
다사570425
다사577447
다사596418
다사579415
다사580444
다사553416
다사547422
다사555432
다사587423
다사568459
다사578451
다사578400
다사562456
다사582406
다사548423
다사595423
다사566444
다사581404
다사547434
다사556431
다사568460
다사582439
다사598415
다사584430
다사568428
다사552414
다사604396
다사577433
다사559454
다사583432
다사562455
다사597413
다사543420
다사566433
다사566427
다사560426
다사566445
다사570398
다사546433
다사621403
다사569449
다사632408
다사552430
다사551434
다사629393
다사584433
다사557431
다사565455
다사563454
다사556425
다사601402
다사557448
다사572438
다사553449
다사580447
다사546437
다사572460
다사545416
다사561421
다사607387
다사567445
다사548437
다사581429
다사545443
다사595426
다사564463
다사545436
다사551436
다사548441
다사565427
다사578453
다사621397
다사572457
다사569436
다사546445
다사553430
다사606389
다사551444
다사618373
다사556446
다사562429
다사550443
다사563461
다사577405
다사560451
다사574430
다사582433
다사580404
다사598417
다사559453
다사565435
다사554453
다사567450
다사546435
다사609377
다사575457
다사559420
다사547409
다사595413
다사570466
다사554449
다사630395
다사578442
다사568437
다사574465
다사552441
다사547444
다사626394
다사563449
다사549425
다사576440
다사543419
다사577452
다사581444
다사554430
다사606390
다사553433
다사543432
다사574462
다사546440
다사605405
다사575445
다사572449
다사567432
다사594410
다사551429
다사567434
다사568426
다사571457
다사555431
다사548445
다사605404
다사571399
다사553431
다사545433
다사568432
다사601396
다사568436
다사561420
다사590423
다사543438
다사574457
다사551437
다사547406
다사553453
다사577443
다사598402
다사586429
다사614391
다사560429
다사608393
다사554428
다사543421
다사552431
다사581432
다사604402
다사547448
다사631393
다사591420
다사569399
다사563421
다사544441
다사578416
다사553448
다사600413
다사601397
다사579414
다사594411
다사548446
다사572432
다사572445
다사545417
다사611384
다사574398
다사580445
다사585430
다사592419
다사555433
다사564434
다사546427
다사589422
다사552440
다사558423
다사558456
다사570399
다사614390
다사568456
다사615394
다사560428
다사560420
다사584436
다사574439
다사581430
다사576406
다사600412
다사578444
다사611383
다사577401
다사620397
다사547442
다사569431
다사569429
다사572450
다사579401
다사543433
다사545446
다사590428
다사565425
다사569404
다사571431
다사569400
다사559419
다사564448
다사545426
다사562435
다사556434
다사629394
다사578403
다사577442
다사564439
다사569467
다사584431
다사578413
다사636401
다사592426
다사581438
다사575428
다사600414
다사608383
다사604405
다사571455
다사553441
다사554438
다사562432
다사545435
다사548405
다사560444
다사556423
다사575454
다사565428
다사559445
다사566428
다사550426
다사556441
다사545429
다사573454
다사569441
다사548442
다사548406
다사544433
다사576430
다사563458
다사556442
다사567433
다사585429
다사612383
다사544426
다사585417
다사576404
다사613392
다사551452
다사576454
다사569458
다사620399
다사573457
다사585433
다사568458
다사575427
다사551431
다사609385
다사558446
다사548430
다사544422
다사556439
다사606388
다사546447
다사579412
다사564426
다사545428
다사552429
다사576405
다사573444
다사559442
다사559425
다사543429
다사569463
다사572397
다사565454
다사551426
다사604397
다사550433
다사616395
다사563456
다사549435
다사627400
다사563422
다사553424
다사569456
다사563424
다사602395
다사571456
다사607396
다사553423
다사547430
다사575434
다사579426
다사554441
다사565429
다사577440
다사570442
다사547404
다사574447
다사551430
다사573445
다사548411
다사575459
다사550439
다사601404
다사583439
다사605395
다사546421
다사554431
다사562460
다사550423
다사614395
다사543450
다사555428
다사595411
다사578452
다사548408
다사557450
다사548432
다사579437
다사566429
다사599402
다사589407
다사552417
다사560421
다사614392
다사553434
다사580423
다사542449
다사546424
다사546432
다사542429
다사575453
다사575439
다사589427
다사551428
다사566462
다사596420
다사630394
다사557440
다사551418
다사570461
다사578450
다사610397
다사570434
다사579430
다사617395
다사573436
다사590418
다사543425
다사592415
다사565447
다사546450
다사597403
다사576441
다사575447
다사567436
다사576450
다사571467
다사566463
다사552420
다사555445
다사552425
다사546441
다사580400
다사566430
다사621399
다사562422
다사554436
다사563425
다사567424
다사577454
다사551439
다사554443
다사551421
다사552427
다사563433
다사581412
다사579429
다사596413
다사606391
다사594427
다사577449
다사598413
다사568467
다사578448
다사551443
다사628392
다사585418
다사569454
다사597414
다사595425
다사586416
다사563431
다사569465
다사573442
다사550431
다사550442
다사563457
다사580412
다사575458
다사567399
다사542424
다사549419
다사543434
다사549439
다사559440
다사582412
다사608392
다사546429
다사580432
다사547439
다사558442
다사637402
다사572456
다사549426
다사558457
다사549410
다사547418
다사581408
다사553415
다사584419
다사558421
다사572470
다사558439
다사546410
다사576410
다사550450
다사583430
다사576437
다사589406
다사559441
다사576431
다사567449
다사595419
다사578428
다사593428
다사631411
다사572465
다사598401
다사636400
다사582438
다사593426
다사555441
다사555413
다사564438
다사595424
다사569451
다사577410
다사574456
다사609395
다사579443
다사631394
다사570403
다사594419
다사593425
다사607397
다사544431
다사577432
다사575450
다사559444
다사550421
다사568397
다사639401
다사572429
다사607382
다사571398
다사549407
다사568464
다사547445
다사544418
다사549421
다사606382
다사562426
다사569435
다사559426
다사606407
다사583437
다사561426
다사568431
다사583438
다사573460
다사578434
다사610383
다사593427
다사571440
다사555434
다사577415
다사603405
다사567464
다사557421
다사565439
다사614393
다사564449
다사544444
다사545441
다사579436
다사566435
다사572446
다사601395
다사566455
다사549429
다사613393
다사551440
다사572402
다사607389
다사574466
다사567446
다사575443
다사575461
다사545423
다사567425
다사571452
다사561458
다사595417
다사561459
다사592420
다사568429
다사609397
다사555430
다사576434
다사570458
다사600416
다사595418
다사631401
다사558419
다사555438
다사599414
다사632402
다사553439
다사573458
다사573448
다사570450
다사584429
다사549431
다사585435
다사554440
다사574452
다사602394
다사558445
다사545430
다사571403
다사588418
다사635401
다사553442
다사618375
다사544442
다사591427
다사547438
다사567466
다사630404
다사594424
다사556443
다사546428
다사568438
다사596414
다사555448
다사633410
다사580438
다사580430
다사617374
다사578412
다사557418
다사601416
다사567444
다사566446
다사611396
다사625393
다사549415
다사576449
다사545422
다사574460
다사602396
다사547429
다사544415
다사547426
다사570469
다사573433
다사562430
다사570433
다사575448
다사570445
다사556428
다사588421
다사556433
다사599400
다사545439
다사568463
다사630399
다사592422
다사582421
다사543416
다사629395
다사548443
다사609387
다사557422
다사544438
다사548438
다사574458
다사546425
다사558449
다사553418
다사599399
다사556445
다사552438
다사575405
다사578439
다사578433
다사575406
다사552422
다사605396
다사553427
다사570468
다사547450
다사557445
다사576447
다사560424
다사558422
다사569426
다사559446
다사565432
다사558443
다사546439
다사593423
다사576429
다사571426
다사573451
다사544420
다사571433
다사594416
다사572467
다사570443
다사579447
다사570437
다사577435
다사591429
다사566424
다사568445
다사580441
다사554415
다사571432
다사554424
다사566465
다사585434
다사591428
다사550452
다사556430
다사636405
다사544417
다사598414
다사575460
다사555437
다사567400
다사574428
다사581406
다사558441
다사579417
다사566438
다사576427
다사575429
다사547420
다사590407
다사570444
다사594413
다사542433
다사556424
다사575456
다사607392
다사545420
다사557439
다사568446
다사551417
다사567448
다사576456
다사565446
다사574429
다사557415
다사573463
다사631403
다사548422
다사598416
다사582428
다사580437
다사566431
다사599390
다사581441
다사577453
다사548415
다사599412
다사576446
다사558420
다사607388
다사581439
다사543440
다사568439
다사566434
다사567456
다사569450
다사572441
다사577439
다사559449
다사590426
다사595416
다사610375
다사573455
다사600402
다사580439
다사587404
다사550407
다사596416
다사597412
다사629400
다사565426
다사612395
다사579439
다사569434
다사576436
다사636399
다사630392
다사544430
다사597417
다사578443
다사577400
다사542422
다사551441
다사570426
다사546443
다사552423
다사593421
다사569455
다사573434
다사594426
다사569425
다사577436
다사568398
다사557428
다사559455
다사560431
다사591423
다사632405
다사583429
다사569440
다사597418
다사575462
다사566447
다사614394
다사550438
다사602406
다사572458
다사633403
다사544440
다사543428
다사597402
다사565460
다사598412
다사546426
다사600394
다사590419
다사596410
다사552442
다사549420
다사603404
다사544437
다사564422
다사577446
다사577448
다사550447
다사553451
다사555444
다사583433
다사600415
다사574444
다사562420
다사597420
다사599398
다사581431
다사568453
다사596417
다사564423
다사617392
다사568434
다사555449
다사572466
다사558450
다사619374
다사564458
다사601405
다사581407
다사589408
다사594428
다사582415
다사593429
다사552444
다사607383
다사582404
다사606383
다사576448
다사610398
다사565445
다사590421
다사565463
다사616396
다사572453
다사552434
다사607394
다사572447
다사571469
다사606395
다사575409
다사565424
다사543436
다사578414
다사549411
다사582442
다사552428
다사588405
다사564462
다사563432
다사551427
다사564427
다사543427
다사621400
다사550425
다사567463
다사575433
다사615397
다사599415
다사575444
다사606394
다사598388
다사570427
다사579444
다사578447
다사544432
다사579438
다사547428
다사545425
다사544423
다사564430
다사593417
다사566448
다사542420
다사578446
다사573466
다사573468
다사559450
다사549446
다사579423
다사545438
다사609384
다사557443
다사548449
다사575435
다사551442
다사612396
다사606404
다사569428
다사542431
다사613380
다사578399
다사549432
다사560458
다사572403
다사563426
다사582407
다사624394
다사547449
다사615395
다사548452
다사557434
다사569447
다사638401
다사548428
다사551438
다사609396
다사555429
다사597416
다사576439
다사621401
다사592428
다사620405
다사637409
다사599392
다사612412
다사630387
다사579402
다사588413
다사626391
다사553403
다사558414
다사614410
다사617399
다사611369
다사603392
다사592412
다사639395
다사600410
다사635411
다사571419
다사630401
다사575400
다사624412
다사570465
다사614405
다사601408
다사604378
다사599403
다사620391
다사563447
다사561444
다사591411
다사554454
다사572405
다사584408
다사547423
다사567414
다사636410
다사541453
다사632404
다사618405
다사616402
다사577402
다사597394
다사562419
다사595407
다사546417
다사618380
다사562408
다사548418
다사563462
다사572416
다사586414
다사605368
다사560454
다사608395
다사567440
다사558427
다사555453
다사630408
다사588401
다사615389
다사590396
다사548424
다사606403
다사579432
다사605367
다사568414
다사633392
다사601369
다사559452
다사568421
다사549405
다사609376
다사556455
다사624403
다사621412
다사627403
다사551409
다사579406
다사572417
다사563436
다사593390
다사623383
다사604383
다사630413
다사541422
다사611392
다사565450
다사600390
다사569403
다사613370
다사613377
다사622387
다사609410
다사565470
다사589398
다사548456
다사613375
다사565452
다사560409
다사609381
다사597387
다사607369
다사554459
다사562412
다사564445
다사549402
다사611378
다사628409
다사627413
다사601400
다사560467
다사557459
다사560450
다사629402
다사623398
다사581419
다사604393
다사619376
다사551450
다사637405
다사628398
다사621385
다사615386
다사580409
다사551411
다사588411
다사586422
다사549457
다사626384
다사591413
다사635406
다사625399
다사598405
다사636392
다사558466
다사576418
다사564420
다사622397
다사573421
다사596374
다사613399
다사562447
다사589414
다사609391
다사557427
다사599408
다사597383
다사623389
다사634395
다사641397
다사618400
다사637391
다사573405
다사595403
다사614371
다사625407
다사560461
다사554452
다사638407
다사571421
다사627390
다사639399
다사562449
다사614367
다사550410
다사614389
다사587412
다사590395
다사594399
다사602368
다사604382
다사638408
다사626417
다사606393
다사634406
다사617403
다사595383
다사582419
다사559461
다사627405
다사597391
다사548400
다사631412
다사573471
다사627396
다사556452
다사558436
다사640403
다사578406
다사619413
다사611402
다사585436
다사623415
다사586427
다사582423
다사595389
다사599384
다사568412
다사614381
다사622386
다사555463
다사620396
다사563408
다사588419
다사560448
다사605390
다사568409
다사562440
다사560453
다사607372
다사589404
다사578427
다사562416
다사627399
다사581443
다사584438
다사581421
다사578426
다사629406
다사636404
다사559456
다사564465
다사557417
다사619391
다사611407
다사604410
다사558411
다사633411
다사610409
다사560459
다사565415
다사567407
다사580448
다사588403
다사618411
다사547408
다사612380
다사635384
다사618395
다사619396
다사574468
다사593394
다사629403
다사567467
다사633384
다사589425
다사571400
다사634386
다사622389
다사558461
다사597384
다사600373
다사579441
다사572426
다사601390
다사608396
다사554410
다사609380
다사546413
다사571434
다사604390
다사603380
다사589378
다사597373
다사570424
다사628414
다사578425
다사631416
다사555422
다사615409
다사574422
다사606371
다사565473
다사565399
다사581410
다사575423
다사604395
다사635403
다사552463
다사566410
다사583419
다사599419
다사600407
다사601401
다사584417
다사607401
다사590377
다사584405
다사623382
다사552413
다사558465
다사577445
다사610380
다사581422
다사617373
다사612409
다사570407
다사630405
다사569410
다사565417
다사612370
다사614401
다사569409
다사573403
다사596382
다사559415
다사640399
다사614407
다사567401
다사601417
다사601375
다사631399
다사632416
다사605394
다사603375
다사555460
다사576417
다사613409
다사617381
다사625397
다사632413
다사571407
다사592390
다사565442
다사572455
다사574450
다사585425
다사578411
다사545418
다사551448
다사605383
다사611381
다사550403
다사548404
다사612381
다사584415
다사601384
다사623400
다사608411
다사564447
다사558433
다사629418
다사552459
다사610372
다사613404
다사578424
다사565451
다사615385
다사568470
다사568455
다사626414
다사614387
다사605387
다사615403
다사583411
다사626407
다사593380
다사588399
다사565469
다사546402
다사597386
다사616388
다사628403
다사565440
다사603385
다사616368
다사563417
다사632388
다사555454
다사600385
다사559436
다사587414
다사620390
다사609407
다사599387
다사569411
다사567398
다사551413
다사630407
다사600384
다사634413
다사620385
다사591404
다사616400
다사552407
다사609372
다사583413
다사591402
다사557464
다사562448
다사549413
다사614412
다사618369
다사623388
다사583425
다사605378
다사628413
다사591387
다사542439
다사595381
다사606410
다사606402
다사567438
다사569412
다사625396
다사591381
다사572424
다사592380
다사638396
다사635410
다사568468
다사598380
다사626390
다사553464
다사627408
다사559416
다사612399
다사625383
다사583415
다사622384
다사561407
다사554408
다사622393
다사591400
다사602392
다사563443
다사559463
다사606373
다사569421
다사613407
다사629384
다사570413
다사635385
다사623386
다사576423
다사634384
다사553407
다사562439
다사593393
다사560433
다사621398
다사546449
다사596389
다사588425
다사611379
다사581427
다사629413
다사564407
다사596422
다사616405
다사618383
다사558452
다사633386
다사574424
다사602369
다사567416
다사594391
다사568420
다사616369
다사578445
다사626416
다사597389
다사591396
다사550461
다사604409
다사630391
다사561461
다사565416
다사610376
다사624382
다사638402
다사629405
다사592382
다사614373
다사619388
다사563435
다사585416
다사597392
다사573467
다사544412
다사558430
다사562445
다사625389
다사560440
다사611405
다사622415
다사621406
다사584412
다사617397
다사564468
다사595393
다사617368
다사600409
다사584413
다사634402
다사548417
다사566402
다사623407
다사620411
다사625410
다사555407
다사589412
다사632383
다사600375
다사642397
다사573411
다사611375
다사595402
다사577423
다사541427
다사580427
다사570470
다사561408
다사542428
다사594379
다사561452
다사551459
다사588380
다사628399
다사623411
다사606372
다사567443
다사578455
다사616407
다사558435
다사566416
다사546409
다사606386
다사634391
다사634385
다사570408
다사556435
다사580433
다사559433
다사615379
다사614379
다사585424
다사602410
다사632409
다사623410
다사578423
다사543452
다사632393
다사635389
다사574425
다사559466
다사596390
다사602401
다사599396
다사637395
다사565468
다사579422
다사609369
다사556451
다사566453
다사590380
다사609373
다사616401
다사567462
다사592402
다사599380
다사596388
다사633412
다사596400
다사602412
다사598383
다사596401
다사603396
다사616390
다사600395
다사600386
다사584416
다사555406
다사571412
다사622375
다사624389
다사635390
다사576443
다사614384
다사556458
다사592392
다사606367
다사564459
다사615388
다사546411
다사629383
다사631407
다사561441
다사597376
다사630418
다사619371
다사630382
다사566419
다사577420
다사582417
다사601394
다사548425
다사565421
다사599389
다사614386
다사613402
다사562466
다사558437
다사542419
다사614369
다사576424
다사631381
다사573407
다사593396
다사642399
다사589392
다사545411
다사562411
다사613391
다사630411
다사605385
다사628406
다사615384
다사583404
다사561416
다사559410
다사581402
다사591408
다사583423
다사570453
다사591377
다사621388
다사564472
다사621392
다사625403
다사615374
다사631418
다사629414
다사553459
다사600369
다사626392
다사585422
다사619389
다사602367
다사593398
다사547401
다사557411
다사570420
다사600377
다사557412
다사618394
다사567441
다사638400
다사620409
다사586423
다사574426
다사556448
다사589380
다사597401
다사558409
다사612388
다사595395
다사591410
다사573397
다사607395
다사579440
다사557460
다사573426
다사567419
다사594382
다사631385
다사553414
다사600388
다사635408
다사628393
다사612401
다사561453
다사590388
다사567403
다사636396
다사591406
다사594389
다사561418
다사552457
다사569405
다사621384
다사599395
다사629392
다사595386
다사552406
다사608380
다사620379
다사560437
다사618368
다사630389
다사570417
다사600378
다사638409
다사571435
다사560435
다사606384
다사573415
다사632397
다사630412
다사614370
다사551404
다사562417
다사546416
다사557413
다사597397
다사619397
다사578398
다사578402
다사597405
다사594393
다사623381
다사550457
다사543447
다사548453
다사631398
다사616410
다사559417
다사604381
다사571473
다사606380
다사615400
다사619390
다사554421
다사578419
다사552447
다사565465
다사612403
다사613368
다사612372
다사572401
다사602402
다사623376
다사563411
다사566464
다사571418
다사545451
다사618381
다사633405
다사641399
다사573435
다사571397
다사607402
다사605401
다사621380
다사606375
다사573401
다사545412
다사561465
다사565464
다사591391
다사580421
다사576460
다사598403
다사601378
다사585428
다사592395
다사611411
다사620403
다사570473
다사574404
다사638397
다사568407
다사572415
다사626385
다사582425
다사568405
다사591399
다사559412
다사621391
다사637410
다사613388
다사620410
다사631410
다사635396
다사577424
다사579407
다사620370
다사599382
다사567408
다사562437
다사595379
다사562406
다사562461
다사549449
다사608401
다사563434
다사569471
다사593383
다사540453
다사543413
다사628382
다사627414
다사623402
다사578436
다사618386
다사593386
다사629399
다사606385
다사560434
다사562441
다사556436
다사571429
다사573419
다사561412
다사563466
다사596384
다사617390
다사595376
다사610410
다사564408
다사574469
다사554447
다사616379
다사604379
다사570429
다사623401
다사561417
다사621382
다사608400
다사624414
다사590391
다사623403
다사561419
다사604384
다사598373
다사602370
다사623414
다사564401
다사599405
다사574414
다사632391
다사561425
다사587413
다사630400
다사589402
다사569446
다사579421
다사574401
다사581447
다사577441
다사558431
다사593403
다사617404
다사586419
다사552449
다사601371
다사636393
다사634405
다사564440
다사624396
다사560432
다사591395
다사590394
다사565418
다사616385
다사559435
다사583427
다사595374
다사618410
다사573424
다사633406
다사605410
다사616404
다사622398
다사579445
다사565453
다사566397
다사549424
다사551461
다사593397
다사552405
다사592410
다사575463
다사557457
다사561414
다사604371
다사603412
다사598393
다사573409
다사603399
다사638394
다사589413
다사564409
다사571396
다사626393
다사587428
다사576400
다사556463
다사598399
다사565467
다사582413
다사628389
다사637398
다사597398
다사629385
다사558410
다사578422
다사542443
다사560457
다사614377
다사587408
다사559459
다사580449
다사606396
다사563403
다사633390
다사627409
다사637397
다사567397
다사613400
다사555415
다사552455
다사594380
다사569457
다사603410
다사622392
다사631396
다사568419
다사586420
다사572421
다사588428
다사558464
다사587416
다사614378
다사571414
다사561436
다사594381
다사601393
다사572408
다사596425
다사604377
다사622395
다사557436
다사640402
다사593404
다사560436
다사573425
다사607400
다사619405
다사629404
다사573423
다사603369
다사568401
다사564414
다사607379
다사554404
다사570411
다사592383
다사625385
다사615372
다사592398
다사544446
다사591386
다사550402
다사634396
다사624399
다사590411
다사616386
다사559458
다사566407
다사572418
다사583442
다사597406
다사554464
다사623405
다사549416
다사549461
다사628411
다사618407
다사567423
다사575403
다사597388
다사625418
다사612378
다사608403
다사604407
다사602383
다사634388
다사556465
다사562450
다사632399
다사571422
다사573472
다사590381
다사597393
다사621404
다사542440
다사590384
다사545454
다사591417
다사564436
다사592384
다사566451
다사615382
다사626388
다사573470
다사614368
다사624416
다사601370
다사623408
다사631382
다사547402
다사603386
다사608410
다사639394
다사593385
다사616380
다사597385
다사603389
다사623395
다사556466
다사625401
다사568449
다사571405
다사569417
다사566401
다사569464
다사560446
다사544452
다사608405
다사591382
다사577419
다사597374
다사563468
다사604368
다사586415
다사606392
다사591379
다사603382
다사575401
다사631387
다사628404
다사590425
다사622411
다사550448
다사591390
다사611403
다사612394
다사558438
다사582443
다사596387
다사631388
다사642402
다사606401
다사633401
다사603371
다사599394
다사601376
다사634393
다사571401
다사561468
다사547456
다사544414
다사547416
다사564405
다사586421
다사556464
다사623390
다사619385
다사547405
다사563402
다사635391
다사581417
다사591403
다사632398
다사607408
다사553456
다사603409
다사638403
다사570464
다사581423
다사586408
다사593418
다사596402
다사613369
다사627407
다사569414
다사566471
다사569470
다사583426
다사597400
다사602377
다사617407
다사553406
다사549412
다사541418
다사570446
다사570451
다사598408
다사567439
다사625417
다사614385
다사631389
다사580402
다사557426
다사600397
다사621377
다사599409
다사598395
다사630398
다사570409
다사601379
다사621379
다사580422
다사568423
다사596396
다사592379
다사632396
다사564457
다사563470
다사600403
다사607380
다사592404
다사567412
다사604391
다사620393
다사578405
다사624405
다사578408
다사611387
다사609370
다사639398
다사566405
다사585423
다사595406
다사555435
다사621394
다사574467
다사586409
다사565419
다사552445
다사614402
다사567396
다사566422
다사579420
다사559465
다사619408
다사555459
다사591418
다사611391
다사642401
다사638393
다사593382
다사596381
다사572414
다사589393
다사565409
다사631384
다사624391
다사557451
다사570472
다사628386
다사579410
다사554406
다사623392
다사605408
다사601412
다사560413
다사571447
다사621381
다사562415
다사638395
다사632384
다사627404
다사588412
다사563419
다사618378
다사624406
다사624386
다사559411
다사586417
다사558451
다사619411
다사576402
다사557453
다사549454
다사555457
다사561439
다사625413
다사577426
다사624388
다사594376
다사620392
다사554461
다사555405
다사578440
다사611408
다사567406
다사629388
다사589415
다사565471
다사605403
다사639397
다사589379
다사547403
다사597375
다사602380
다사628380
다사561462
다사615398
다사603407
다사626389
다사580434
다사604372
다사610369
다사547452
다사604389
다사608376
다사611371
다사581446
다사580428
다사610392
다사631400
다사573452
다사634390
다사590393
다사619384
다사596375
다사609394
다사594420
다사553421
다사587411
다사619393
다사614400
다사547417
다사634400
다사587426
다사613410
다사563413
다사629409
다사560439
다사565443
다사590399
다사594392
다사604398
다사622407
다사626409
다사610373
다사564451
다사562463
다사590412
다사619381
다사633397
다사555446
다사593409
다사553460
다사552446
다사563450
다사617379
다사595377
다사632414
다사566414
다사561466
다사610402
다사547414
다사557456
다사613376
다사604387
다사587421
다사589426
다사549459
다사563448
다사592391
다사633391
다사557466
다사626412
다사574416
다사542442
다사624410
다사623412
다사589401
다사601410
다사611399
다사560449
다사620375
다사614408
다사624387
다사569408
다사596398
다사588429
다사624385
다사629391
다사570410
다사576459
다사574421
다사599406
다사622377
다사588410
다사541425
다사569413
다사572400
다사543444
다사570418
다사625381
다사592405
다사615383
다사562467
다사638399
다사585426
다사580424
다사591401
다사635392
다사635386
다사635394
다사610368
다사596408
다사604388
다사613396
다사585413
다사570456
다사599369
다사636395
다사601411
다사618393
다사603394
다사583412
다사555414
다사615377
다사618398
다사623391
다사553413
다사606368
다사565405
다사627410
다사575421
다사557438
다사641402
다사603374
다사561409
다사602389
다사610391
다사633402
다사595392
다사565400
다사577397
다사620381
다사583434
다사548459
다사594395
다사617409
다사571406
다사621390
다사620377
다사548413
다사618390
다사628418
다사614388
다사626408
다사601392
다사569444
다사546415
다사568424
다사617369
다사564464
다사565422
다사615405
다사569416
다사572428
다사630380
다사555404
다사608372
다사582434
다사592385
다사607406
다사550409
다사618388
다사628401
다사575424
다사616403
다사561410
다사615381
다사620412
다사599386
다사623387
다사581442
다사554405
다사594407
다사592394
다사567422
다사572411
다사622376
다사591378
다사577422
다사609368
다사607384
다사597404
다사612369
다사628385
다사594409
다사605397
다사546444
다사624415
다사547407
다사594394
다사572472
다사580443
다사547415
다사570415
다사614399
다사620414
다사617388
다사622409
다사597382
다사569469
다사602387
다사568403
다사627393
다사557414
다사607377
다사553445
다사572404
다사597380
다사633400
다사573469
다사599370
다사571472
다사551402
다사608384
다사568410
다사603403
다사615410
다사642398
다사634392
다사585411
다사577409
다사552416
다사571425
다사614403
다사613384
다사609405
다사591388
다사562453
다사589400
다사573422
다사618389
다사544445
다사627415
다사584428
다사550459
다사603397
다사616412
다사593392
다사580418
다사567413
다사590416
다사623409
다사569453
다사612393
다사612390
다사563412
다사555461
다사583403
다사571465
다사571416
다사640397
다사636389
다사617376
다사630417
다사613401
다사567473
다사596403
다사620388
다사625391
다사590389
다사577398
다사566400
다사567472
다사572420
다사555465
다사619380
다사620371
다사543414
다사625392
다사578409
다사554414
다사628412
다사627385
다사548457
다사590397
다사614376
다사618399
다사639400
다사614409
다사603372
다사609403
다사599372
다사576444
다사562405
다사569415
다사587409
다사629408
다사598371
다사620413
다사571411
다사589429
다사589416
다사587431
다사630384
다사612379
다사599375
다사613382
다사625409
다사577413
다사554412
다사610408
다사546456
다사561467
다사602379
다사594400
다사605384
다사550408
다사594430
다사568442
다사570396
다사612406
다사590414
다사615412
다사567402
다사617382
다사629417
다사595400
다사612382
다사632419
다사600396
다사636407
다사626405
다사627389
다사630415
다사577411
다사582427
다사612374
다사573414
다사594398
다사602385
다사573410
다사615407
다사562446
다사586410
다사624381
다사626398
다사599407
다사619403
다사611404
다사572410
다사609402
다사575398
다사579431
다사615378
다사590413
다사559468
다사612375
다사622412
다사581433
다사622402
다사551451
다사602384
다사605369
다사629389
다사558459
다사559467
다사569402
다사588400
다사554419
다사602378
다사582403
다사605407
다사574470
다사632410
다사563415
다사626386
다사624392
다사580450
다사603400
다사568422
다사612377
다사581420
다사625386
다사598384
다사633414
다사575417
다사570452
다사576420
다사619400
다사606398
다사554463
다사613379
다사576422
다사618406
다사636397
다사564452
다사549417
다사621386
다사583416
다사572425
다사561443
다사625390
다사601387
다사634387
다사620398
다사552409
다사630409
다사567451
다사589394
다사598374
다사582402
다사548427
다사620376
다사552404
다사568416
다사561424
다사591398
다사612402
다사605393
다사559431
다사572407
다사609411
다사619378
다사602411
다사624417
다사600381
다사550413
다사602393
다사595394
다사579399
다사568402
다사565441
다사557452
다사560425
다사600404
다사555410
다사596397
다사572440
다사578441
다사547455
다사607378
다사622400
다사635393
다사592407
다사552462
다사613390
다사592417
다사549404
다사582422
다사602376
다사566418
다사565420
다사564470
다사623385
다사600401
다사567417
다사604385
다사590387
다사593389
다사602375
다사600382
다사612389
다사620406
다사556419
다사624401
다사598400
다사576425
다사633404
다사596392
다사545453
다사589424
다사573413
다사602372
다사586407
다사622403
다사554462
다사601406
다사629381
다사585408
다사547413
다사631413
다사570440
다사595397
다사605392
다사628384
다사616370
다사561413
다사545419
다사612385
다사618379
다사551414
다사556437
다사600389
다사599373
다사602391
다사575465
다사618401
다사579409
다사581400
다사627391
다사620384
다사594377
다사604400
다사592381
다사592409
다사563416
다사568444
다사551410
다사570423
다사571461
다사562451
다사554455
다사595384
다사620389
다사605374
다사555455
다사625411
다사595415
다사595388
다사619410
다사611406
다사609393
다사622413
다사604374
다사562410
다사563440
다사551457
다사555409
다사553408
다사633393
다사598398
다사625400
다사600370
다사625414
다사555417
다사633413
다사620378
다사568415
다사588426
다사630414
다사575425
다사617405
다사632392
다사583409
다사637393
다사594406
다사600371
다사621411
다사574412
다사615401
다사598378
다사575411
다사552451
다사626401
다사604366
다사618372
다사573404
다사567405
다사566415
다사599391
다사605411
다사574405
다사563410
다사575416
다사553458
다사637407
다사550455
다사565398
다사571460
다사540452
다사628405
다사542451
다사541424
다사592393
다사550460
다사587430
다사575415
다사633398
다사553462
다사612398
다사617384
다사624383
다사566408
다사596378
다사622388
다사632418
다사594403
다사594390
다사561415
다사560465
다사580429
다사553405
다사607403
다사595382
다사610379
다사620395
다사550449
다사611410
다사604394
다사576461
다사597390
다사603366
다사619401
다사604392
다사595380
다사550456
다사580399
다사544413
다사557454
다사608378
다사562404
다사569423
다사639404
다사615371
다사597378
다사563445
다사626382
다사572419
다사562471
다사552454
다사621387
다사574409
다사588414
다사612405
다사584424
다사553463
다사553461
다사554458
다사577427
다사549445
다사589395
다사609375
다사567442
다사607404
다사612404
다사564471
다사597379
다사620380
다사579419
다사562468
다사567418
다사625388
다사595399
다사563418
다사561457
다사571410
다사580407
다사583417
다사627381
다사630402
다사618413
다사623399
다사602386
다사556409
다사558467
다사548454
다사641401
다사585419
다사564404
다사616376
다사592429
다사608373
다사625384
다사612386
다사637396
다사603368
다사563407
다사635397
다사630386
다사560447
다사584427
다사577412
다사590386
다사624404
다사593410
다사550412
다사559413
다사606369
다사562464
다사564460
다사632407
다사635395
다사551446
다사624384
다사627388
다사581428
다사556447
다사542438
다사606409
다사587415
다사564467
다사640398
다사551403
다사611377
다사566417
다사600393
다사639396
다사549450
다사619404
다사617370
다사636409
다사546454
다사635412
다사610389
다사631390
다사556460
다사547453
다사591385
다사620382
다사582424
다사590424
다사596426
다사617389
다사590408
다사564418
다사605391
다사553411
다사590406
다사632395
다사618412
다사569461
다사596406
다사584410
다사573406
다사619394
다사568396
다사618382
다사612368
다사601373
다사561446
다사599376
다사608377
다사605388
다사568443
다사606397
다사564443
다사575422
다사607409
다사575420
다사612373
다사595385
다사599379
다사618404
다사593384
다사608408
다사612411
다사612410
다사584425
다사611401
다사553457
다사578454
다사583418
다사590410
다사610385
다사559469
다사562436
다사568411
다사616408
다사609409
다사596399
다사551408
다사610393
다사603381
다사580419
다사563405
다사547458
다사616399
다사621414
다사579434
다사617385
다사630406
다사627418
다사561437
다사608381
다사602398
다사612387
다사610405
다사609404
다사558462
다사566459
다사561433
다사569442
다사599397
다사628402
다사613411
다사592399
다사616377
다사589410
다사611386
다사634410
다사608406
다사566406
다사624402
다사591393
다사560438
다사592378
다사578417
다사618377
다사578437
다사601407
다사565413
다사634412
다사553410
다사541421
다사622383
다사602371
다사565430
다사613405
다사558463
다사563420
다사557455
다사586412
다사590401
다사602408
다사560464
다사624390
다사590404
다사620394
다사561463
다사601380
다사557416
다사562444
다사613398
다사594384
다사557458
다사616406
다사631402
다사581436
다사579427
다사574410
다사609382
다사598396
다사564469
다사550454
다사593402
다사557465
다사636408
다사619372
다사611393
다사579450
다사592388
다사593401
다사618370
다사556461
다사563452
다사570421
다사570416
다사597377
다사595387
다사605372
다사569407
다사574415
다사586411
다사640396
다사545414
다사628388
다사570422
다사563472
다사626418
다사603401
다사551462
다사567409
다사631383
다사589381
다사632411
다사569420
다사556415
다사627417
다사591424
다사605376
다사567469
다사555458
다사626413
다사615408
다사592396
다사621375
다사634403
다사566452
다사564441
다사617391
다사637399
다사559434
다사584409
다사554417
다사605386
다사555418
다사546430
다사571408
다사636394
다사612391
다사631417
다사599381
다사566421
다사582437
다사564413
다사564446
다사621409
다사547454
다사622396
다사605380
다사612400
다사619368
다사601389
다사584421
다사579418
다사617386
다사599388
다사619406
다사567410
다사564437
다사566404
다사594387
다사552410
다사554411
다사553450
다사603370
다사631391
다사577458
다사548455
다사554456
다사558458
다사551456
다사565414
다사579451
다사541451
다사572448
다사601374
다사550404
다사581418
다사542441
다사628387
다사590383
다사574417
다사626415
다사581437
다사618385
다사555419
다사563463
다사572436
다사570412
다사603367
다사569424
다사565466
다사557420
다사616372
다사561460
다사621383
다사636391
다사588424
다사594375
다사542450
다사596395
다사623397
다사562452
다사614406
다사560445
다사556416
다사574411
다사556454
다사619412
다사597395
다사582401
다사634407
다사580442
다사594388
다사606370
다사607381
다사593399
다사602409
다사551449
다사571428
다사617401
다사566473
다사596421
다사631405
다사574419
다사549456
다사602373
다사629382
다사556422
다사552458
다사617406
다사591392
다사588402
다사598392
다사636387
다사615373
다사553446
다사617383
다사629390
다사585420
다사606377
다사574403
다사601403
다사606399
다사541452
다사632390
다사610411
다사586413
다사566399
다사595375
다사606379
다사618396
다사595422
다사635388
다사600368
다사556418
다사584414
다사639403
다사582430
다사565410
다사631414
다사564416
다사628408
다사595378
다사593387
다사578407
다사569401
다사560442
다사552456
다사587420
다사622404
다사548403
다사556453
다사566472
다사616387
다사594383
다사614380
다사618384
다사610406
다사562469
다사562407
다사567470
다사588427
다사541417
다사563414
다사563404
다사582445
다사617400
다사630385
다사561438
다사543449
다사608369
다사581424
다사563464
다사561448
다사577444
다사595414
다사557419
다사548412
다사595391
다사617371
다사556413
다사575419
다사604367
다사560468
다사555452
다사598391
다사634409
다사619414
다사627416
다사584406
다사604399
다사563471
다사641400
다사563409
다사580410
다사563460
다사566409
다사627401
다사577414
다사595398
다사616409
다사626399
다사591421
다사553417
다사608407
다사610382
다사624400
다사626397
다사605382
다사608374
다사582410
다사582414
다사564428
다사605399
다사566403
다사637403
다사585409
다사576399
다사593377
다사591384
다사623404
다사572435
다사623393
다사620387
다사560441
다사626387
다사614411
다사635402
다사588379
다사582444
다사587403
다사627411
다사558428
다사588415
다사592386
다사600380
다사598397
다사613373
다사576413
다사631406
다사562409
다사632417
다사572409
다사619386
다사617387
다사575397
다사617398
다사569460
다사615369
다사625405
다사621389
다사570402
다사566468
다사598386
다사565403
다사542415
다사637406
다사575404
다사619392
다사599377
다사597422
다사546401
다사607386
다사613367
다사622391
다사554457
다사612408
다사595428
다사553422
다사563439
다사635409
다사568471
다사576412
다사585427
다사629410
다사639405
다사604380
다사560418
다사599378
다사579433
다사627406
다사626410
다사597399
다사580413
다사617402
다사543453
다사554409
다사569396
다사603393
다사544453
다사547412
다사580425
다사562414
다사551412
다사564403
다사607371
다사564402
다사615370
다사550451
다사546403
다사616384
다사563406
다사625415
다사587424
다사630381
다사638398
다사620402
다사570439
다사598390
다사561464
다사564435
다사599374
다사570414
다사592389
다사556456
다사598376
다사591416
다사566420
다사609371
다사619370
다사545415
다사622410
다사557462
다사620369
다사620408
다사627383
다사576421
다사540450
다사560466
다사575413
다사593381
다사598385
다사544419
다사575418
다사581425
다사561450
다사605370
다사600418
다사617413
다사610378
다사631395
다사548416
다사587402
다사559428
다사605409
다사576411
다사555464
다사600398
다사568413
다사620383
다사635387
다사586426
다사545449
다사609399
다사598372
다사603406
다사594385
다사607368
다사574423
다사551420
다사573417
다사609406
다사610399
다사578421
다사560414
다사555412
다사622399
다사571459
다사602382
다사615399
다사609408
다사559414
다사600406
다사578401
다사619409
다사569422
다사592397
다사614375
다사548401
다사561451
다사592403
다사556462
다사580420
다사596424
다사605377
다사594396
다사622406
다사561445
다사632394
다사564473
다사584423
다사610388
다사639402
다사566411
다사586424
다사602413
다사593391
다사549403
다사589411
다사556411
다사602381
다사587427
다사575446
다사630410
다사549401
다사583407
다사600383
다사548426
다사636390
다사558415
다사562428
다사621407
다사565404
다사542453
다사547451
다사613371
다사554407
다사604370
다사592387
다사564442
다사619377
다사573416
다사614374
다사593405
다사586434
다사591415
다사607410
다사608371
다사605371
다사616397
다사554465
다사550458
다사590379
다사582435
다사575426
다사619369
다사613403
다사558447
다사571413
다사557435
다사605402
다사610387
다사594378
다사555425
다사586428
다사600405
다사632387
다사616378
다사628381
다사595421
다사564415
다사625412
다사570471
다사581401
다사558460
다사568404
다사585410
다사549414
다사626406
다사596407
다사603398
다사628415
다사568472
다사605381
다사554423
다사590409
다사562458
다사607367
다사567457
다사572423
다사600400
다사619395
다사618376
다사635398
다사561411
다사570397
다사624398
다사632385
다사593408
다사603402
다사560417
다사573412
다사561442
다사596380
다사565406
다사567411
다사639406
다사587425
다사611373
다사548451
다사559418
다사555424
다사582409
다사570401
다사587419
다사629412
다사630390
다사633388
다사574420
다사545445
다사621376
다사628410
다사552403
다사561447
다사563451
다사572422
다사601385
다사580440
다사606378
다사632412
다사602390
다사622390
다사633407
다사571458
다사568469
다사611380
다사613386
다사619382
다사623394
다사614383
다사628400
다사608402
다사596376
다사621413
다사570419
다사614404
다사641398
다사609379
다사557410
다사610370
다사616367
다사596423
다사600411
다사634394
다사558413
다사602407
다사590392
다사602400
다사636403
다사619387
다사625402
다사591409
다사556414
다사573400
다사618402
다사596394
다사557463
다사555421
다사566474
다사616383
다사595396
다사598382
다사598394
다사622408
다사600379
다사574449
다사610407
다사630388
다사610404
다사601388
다사604373
다사629397
다사555420
다사554451
다사559409
다사606408
다사583410
다사609378
다사546418
다사604375
다사573420
다사594405
다사589399
다사607405
다사595405
다사601383
다사615367
다사566413
다사595404
다사576401
다사552412
다사560452
다사596379
다사621395
다사626396
다사609401
다사607411
다사594397
다사553409
다사602388
다사627395
다사627397
다사583408
다사603383
다사569406
다사630416
다사619407
다사611376
다사586425
다사546453
다사551447
다사563437
다사598404
다사599410
다사569459
다사591412
다사603388
다사617377
다사624413
다사634411
다사613408
다사566470
다사548458
다사584407
다사591405
다사544434
다사577406
다사628390
다사603408
다사560455
다사578418
다사629415
다사554413
다사622381
다사638406
다사583420
다사577421
다사618403
다사625406
다사558434
다사613378
다사621410
다사540451
다사567421
다사579408
다사590378
다사594386
다사553412
다사572473
다사638404
다사561449
다사556412
다사610374
다사563469
다사618391
다사603384
다사593406
다사625416
다사549460
다사596385
다사593395
다사582426
다사616381
다사543448
다사611390
다사616413
다사571424
다사617372
다사553447
다사577425
다사615404
다사541420
다사581445
다사600392
다사556440
다사584426
다사596405
다사571423
다사557467
다사562427
다사548402
다사566454
다사580401
다사577418
다사609374
다사629380
다사563446
다사566443
다사597408
다사552432
다사622414
다사612392
다사598381
다사585414
다사575414
다사603378
다사544448
다사560463
다사610381
다사563467
다사604403
다사601377
다사621393
다사607370
다사619379
다사621378
다사563442
다사565407
다사561435
다사617408
다사575449
다사555411
다사572396
다사557447
다사560410
다사569418
다사631404
다사596415
다사546452
다사553455
다사602399
다사623384
다사565444
다사634398
다사593388
다사573402
다사626383
다사564417
다사598407
다사562470
다사566440
다사556410
다사612397
다사541426
다사624409
다사595429
다사587406
다사578420
다사610384
다사562465
다사611409
다사606376
다사554403
다사575412
다사568408
다사608368
다사563441
다사590400
다사633396
다사591383
다사605400
다사608370
다사566469
다사545413
다사598409
다사593407
다사618371
다사627382
다사549458
다사587410
다사620372
다사562418
다사580426
다사567468
다사584439
다사541419
다사624407
다사616411
다사559460
다사609400
다사618392
다사565408
다사628417
다사566466
다사612376
다사583414
다사593400
다사567415
다사613406
다사579453
다사603377
다사591414
다사622385
다사572413
다사550415
다사597423
다사553420
다사561406
다사605379
다사566441
다사592408
다사579424
다사639407
다사601398
다사629386
다사606400
다사560443
다사573440
다사564410
다사579452
다사576415
다사540449
다사598406
다사625382
다사565401
다사615402
다사614396
다사556417
다사555423
다사637408
다사590403
다사556459
다사601381
다사594408
다사559462
다사620374
다사630396
다사563465
다사588416
다사571417
다사564450
다사593379
다사605373
다사560416
다사560469
다사597396
다사552450
다사576426
다사606411
다사549453
다사611388
다사608375
다사629407
다사603387
다사592411
다사560411
다사615375
다사631408
다사558432
다사582418
다사624393
다사559432
다사601382
다사616382
다사605375
다사624397
다사569445
다사571448
다사604408
다사599371
다사622405
다사572412
다사576398
다사604376
다사555416
다사565472
다사620373
다사621408
다사590417
다사596383
다사552448
다사630383
다사576416
다사633385
다사581409
다사627387
다사626404
다사546412
다사550405
다사542435
다사627398
다사557437
다사629411
다사591380
다사574418
다사561434
다사607373
다사560462
다사598387
다사626400
다사548414
다사611370
다사605389
다사594402
다사562442
다사556457
다사632386
다사607375
다사617380
다사627394
다사615368
다사560415
다사579425
다사565402
다사544447
다사617378
다사601386
다사624411
다사551454
다사637400
다사575430
다사568406
다사561470
다사564466
다사624395
다사564455
다사610403
다사592418
다사571420
다사603391
다사592400
다사598375
다사584411
다사559437
다사603373
다사551458
다사551415
다사617410
다사621405
다사551455
다사558468
다사566398
다사629416
다사631397
다사634389
다사619383
다사574413
다사597381
다사612407
다사610400
다사568417
다사611368
다사607374
다사549452
다사576419
다사611394
다사581399
다사637394
다사596391
다사620386
다사558412
다사610390
다사544451
다사551416
다사625408
다사597407
다사606374
다사542437
다사610377
다사566412
다사600387
다사591389
다사611389
다사598389
다사582436
다사554460
다사603411
다사619402
다사591397
다사542448
다사594401
다사585437
다사632401
다사600372
다사585412
다사628383
다사603376
다사572434
다사632406
다사628416
다사571463
다사601372
다사623406
다사618408
다사601409
다사569472
다사551405
다사563428
다사555462
다사548450
다사596377
다사617412
다사636388
다사541448
다사633389
다사631415
다사546455
다사567420
다사592406
다사584422
다사558426
다사554418
다사547400
다사596373
다사561440
다사571471
다사613381
다사622394
다사640400
다사640395
다사622382
다사542436
다사629387
다사631386
다사618409
다사616371
다사561427
다사599385
다사611374
다사628391
다사575464
다사621396
다사626411
다사592377
다사626381
다사610401
다사616398
다사616375
다사563438
다사576414
다사617411
다사633395
다사596386
다사565474
다사542430
다사612371
다사544449
다사568447
다사558416
다사612384
다사634399
다사562462
다사627380
다사552460
다사566442
다사633394
다사633387
다사583422
다사626402
다사603390
다사626403
다사552461
다사547457
다사570405
다사559451
다사564412
다사623413
다사542452
다사550445
다사591394
다사615387
다사593378
다사591407
다사553404
다사597372
다사580436
다사608394
다사541423
다사549455
다사632415
다사608379
다사568441
다사629396
다사600391
다사604401
다사563453
다사572399
다사552408
다사568418
다사630397
다사581413
다사627384
다사613387
다사625404
다사589405
다사625387
다사564411
다사627402
다사632403
다사581434
다사600408
다사638405
다사552411
다사551460
다사566457
다사604369
다사551407
다사599383
다사558417
다사585415
다사564406
다사632400
다사613383
다사562438
다사601368
다사554446
다사616389
다사634397
다사605398
다사577457
다사623416
다사565411
다사579403
다사551445
다사569443
다사557461
다사554422
다사557409
다사600376
다사637392
다사628407
다사631409
다사573408
다사562413
다사561469
다사575402
다사609390
다사581426
다사563444
다사608409
다사600374
다사601391
다사610394
다사573418
다사627412
다사583424
다사596404
다사598377
다사607407
다사571415
다사571444
다사615380
다사554420
다사635405
다사624408
다사567404
다사596393
다사565434
다사598379
다사560456
다사576397
다사574402
다사611385
다사607385
다사615406
다사574397
다사585421
다사607376
다사560412
다사566467
다사615411
다사610371
다사592401
다사590402
다사603379
다사590390
다사562443
다사595390
다사620407
다사608404
다사594404
다사590415
다사545452
다사614372
다사572406
다사588394
다사635404
다사615376
다사560460
다사606387
다사604386
다사567471
다사573427
다사555456
다사633399
다사564419
다사616373
다사611400
다사558429
다사588393
다사613389
다사550416
다사627386
다사570406
다사586433
다사571409
다사587429
다사613412
다사578410
다사613385
다사613372
다사602374
다사564444
다사587407
다사550417
다사611372
다사590382
다사619398
다사565412
다사625398
다사566458
다사590398
다사564421
다사559438
다사618387
다사559464
다사496526
다사484524
다사506511
다사513548
다사483523
다사496521
다사495511
다사515563
다사510550
다사496528
다사522523
다사482525
다사494520
다사503532
다사523516
다사493537
다사513542
다사501522
다사512544
다사512549
다사509522
다사515513
다사509548
다사520511
다사525520
다사484536
다사488532
다사517532
다사477529
다사497521
다사496531
다사506552
다사516546
다사519510
다사514563
다사521517
다사477532
다사494523
다사497513
다사478530
다사500528
다사527513
다사497531
다사514514
다사515516
다사494519
다사476535
다사484526
다사520519
다사492536
다사524517
다사500551
다사491526
다사497512
다사512513
다사497530
다사482541
다사494517
다사482537
다사517518
다사493519
다사501520
다사509543
다사507544
다사507538
다사494513
다사514559
다사476532
다사516510
다사503530
다사507551
다사512511
다사512551
다사508543
다사517521
다사523522
다사515561
다사486527
다사500534
다사518517
다사511521
다사524512
다사480538
다사499522
다사508538
다사485523
다사504531
다사506509
다사500550
다사503541
다사521512
다사485538
다사481534
다사482534
다사520517
다사514553
다사498512
다사528515
다사514535
다사479527
다사502546
다사494531
다사504511
다사525516
다사493524
다사518531
다사500525
다사483526
다사499525
다사511541
다사511544
다사493532
다사495521
다사478537
다사492541
다사499551
다사504553
다사486537
다사498533
다사508511
다사517511
다사483538
다사503527
다사507511
다사512541
다사492524
다사503538
다사524513
다사482539
다사488522
다사497523
다사489521
다사519516
다사516550
다사482542
다사501546
다사526519
다사481528
다사487537
다사495514
다사510553
다사482524
다사500530
다사524520
다사476536
다사502530
다사483539
다사502532
다사475532
다사504527
다사500546
다사479526
다사489534
다사498537
다사491527
다사502508
다사523514
다사494527
다사499532
다사498541
다사513546
다사495513
다사520516
다사508541
다사514516
다사479529
다사495517
다사494515
다사508557
다사510523
다사493518
다사521510
다사522525
다사513521
다사516537
다사502527
다사507546
다사514560
다사499520
다사499527
다사501521
다사502537
다사484537
다사522518
다사498514
다사511537
다사482532
다사497517
다사511559
다사501508
다사519512
다사494530
다사525522
다사489527
다사474530
다사489525
다사498535
다사490526
다사515519
다사499529
다사503510
다사485537
다사502524
다사506554
다사498513
다사500513
다사493526
다사510519
다사514561
다사496511
다사496544
다사512540
다사479533
다사483537
다사482529
다사524521
다사489528
다사501536
다사495527
다사482535
다사513557
다사515541
다사515550
다사508518
다사518518
다사514533
다사516538
다사493522
다사505531
다사509524
다사492522
다사499523
다사484532
다사489520
다사497532
다사508509
다사511549
다사515530
다사479539
다사482533
다사500526
다사504539
다사478531
다사516557
다사494525
다사495525
다사479535
다사518519
다사480535
다사477530
다사515535
다사521525
다사489536
다사494529
다사482536
다사488525
다사491531
다사481535
다사502539
다사480532
다사492521
다사506545
다사500522
다사472531
다사499518
다사512554
다사510558
다사495530
다사474531
다사490533
다사512522
다사481532
다사491538
다사512555
다사495535
다사499519
다사516519
다사510554
다사517510
다사518516
다사516536
다사510543
다사486524
다사512548
다사496516
다사523520
다사475534
다사502531
다사512523
다사514540
다사480539
다사517546
다사496524
다사498532
다사514555
다사510522
다사514515
다사480527
다사501528
다사515553
다사512542
다사486522
다사506544
다사511548
다사503553
다사494524
다사504554
다사488521
다사508524
다사499526
다사509539
다사483528
다사513538
다사478532
다사515556
다사516535
다사515539
다사510549
다사492525
다사510547
다사518536
다사494518
다사518546
다사492520
다사495528
다사512524
다사516512
다사480536
다사499550
다사504510
다사486536
다사512559
다사513540
다사503540
다사515511
다사477528
다사521511
다사497525
다사523512
다사500509
다사493541
다사489540
다사515529
다사487536
다사511542
다사486538
다사523511
다사487530
다사504538
다사484535
다사510546
다사491521
다사513539
다사516539
다사484534
다사515538
다사475533
다사514511
다사488527
다사498552
다사478527
다사484525
다사518554
다사498526
다사498543
다사497518
다사529516
다사480537
다사496530
다사498534
다사508550
다사505548
다사518547
다사473530
다사512547
다사519553
다사480529
다사510542
다사512558
다사514554
다사498509
다사502545
다사497514
다사520514
다사507514
다사521514
다사502550
다사503546
다사514543
다사516517
다사517541
다사498531
다사511540
다사489529
다사514544
다사522522
다사496512
다사500512
다사496534
다사511553
다사502511
다사514538
다사479534
다사505510
다사496539
다사521522
다사498551
다사506510
다사512521
다사504541
다사524523
다사497524
다사525521
다사493533
다사505541
다사514549
다사490525
다사511560
다사514513
다사511538
다사511556
다사525524
다사492527
다사497544
다사501537
다사503543
다사520523
다사524524
다사497534
다사496540
다사512525
다사496514
다사517547
다사490528
다사508548
다사518511
다사498544
다사499516
다사512556
다사492529
다사516511
다사522511
다사495529
다사498525
다사485529
다사502536
다사522516
다사487523
다사522513
다사478526
다사500541
다사500510
다사513543
다사476533
다사492537
다사493535
다사510548
다사511555
다사492539
다사482543
다사479530
다사512543
다사520510
다사492535
다사509509
다사525517
다사501530
다사522510
다사486523
다사497522
다사499534
다사526513
다사526522
다사485534
다사496510
다사515518
다사500543
다사477536
다사487533
다사501529
다사507543
다사510518
다사488536
다사491542
다사493523
다사494522
다사502540
다사513561
다사518514
다사496533
다사508512
다사515537
다사479532
다사488529
다사517531
다사484523
다사505540
다사483531
다사528518
다사509549
다사509556
다사516551
다사503529
다사511511
다사483542
다사503539
다사476530
다사501532
다사507547
다사476534
다사511524
다사525518
다사512515
다사508544
다사526521
다사493525
다사498523
다사491540
다사498550
다사509553
다사491523
다사499521
다사490524
다사490537
다사499535
다사480528
다사499537
다사500547
다사503512
다사521526
다사505511
다사500540
다사498530
다사504546
다사523523
다사504509
다사505530
다사511525
다사514557
다사478538
다사493534
다사499541
다사506551
다사488523
다사494534
다사481536
다사491532
다사526516
다사479528
다사488539
다사527521
다사523519
다사505547
다사508514
다사482530
다사498511
다사502526
다사479531
다사511539
다사499552
다사500532
다사509555
다사499531
다사510511
다사488537
다사503534
다사489526
다사508549
다사506547
다사521521
다사529518
다사502543
다사511547
다사514551
다사515520
다사502512
다사520513
다사491533
다사500549
다사501538
다사507509
다사512550
다사501550
다사489533
다사510552
다사514542
다사507548
다사489532
다사488538
다사508546
다사501551
다사509519
다사524522
다사483536
다사513522
다사517517
다사515557
다사475531
다사497511
다사499511
다사514556
다사496520
다사500539
다사483541
다사500542
다사502510
다사522520
다사484528
다사494541
다사501547
다사496523
다사493536
다사513560
다사521513
다사495515
다사526517
다사483532
다사519519
다사499517
다사509538
다사483525
다사500536
다사519515
다사514564
다사474529
다사473531
다사483529
다사488531
다사511543
다사484541
다사509511
다사523525
다사509510
다사501539
다사494512
다사506540
다사513558
다사515521
다사518527
다사486531
다사495522
다사508523
다사513563
다사483527
다사498520
다사517536
다사519518
다사491541
다사478534
다사491537
다사491524
다사507545
다사515536
다사503508
다사518510
다사500529
다사501534
다사510557
다사497520
다사488530
다사518520
다사503509
다사512552
다사529517
다사515514
다사506549
다사493527
다사510551
다사500537
다사502529
다사503537
다사508539
다사511520
다사481540
다사502544
다사520512
다사498510
다사514558
다사487528
다사491520
다사507550
다사501510
다사491536
다사499549
다사504530
다사517527
다사522521
다사528519
다사506542
다사510520
다사502528
다사513513
다사524515
다사503533
다사516556
다사483533
다사491539
다사526515
다사494514
다사506513
다사495540
다사517552
다사480534
다사524525
다사496518
다사503523
다사479538
다사516553
다사517520
다사506541
다사528514
다사493542
다사488524
다사499548
다사509540
다사521523
다사487522
다사507510
다사510559
다사511550
다사484540
다사509547
다사495518
다사484527
다사509557
다사483534
다사497528
다사510525
다사487535
다사511526
다사500521
다사501526
다사513559
다사523524
다사490520
다사491530
다사495526
다사491519
다사512538
다사512520
다사487539
다사486529
다사493538
다사510544
다사515555
다사513545
다사521516
다사495520
다사507542
다사499512
다사515551
다사499553
다사505542
다사521527
다사522517
다사484531
다사486533
다사498519
다사479537
다사488528
다사485526
다사519514
다사515552
다사484533
다사516548
다사480526
다사490532
다사485535
다사527515
다사512546
다사480540
다사481529
다사496519
다사481526
다사512561
다사480541
다사481525
다사511557
다사516533
다사476531
다사478528
다사490527
다사516518
다사518542
다사514550
다사493521
다사514541
다사507549
다사520526
다사485530
다사510539
다사499536
다사510509
다사493529
다사494521
다사513550
다사519556
다사482531
다사494526
다사502533
다사529514
다사506514
다사511551
다사514510
다사494537
다사521520
다사530515
다사503542
다사482527
다사520525
다사508510
다사500548
다사506553
다사525523
다사499524
다사513553
다사518532
다사499528
다사521524
다사527520
다사483535
다사513551
다사511545
다사498542
다사490541
다사523518
다사497543
다사497516
다사508542
다사498527
다사495533
다사495542
다사501512
다사485531
다사487534
다사497515
다사481527
다사509552
다사494533
다사527514
다사483524
다사485524
다사495519
다사515540
다사505509
다사481531
다사494516
다사476528
다사485527
다사490531
다사510555
다사501531
다사513544
다사501525
다사503528
다사483540
다사510524
다사520515
다사519511
다사498515
다사498521
다사521518
다사503511
다사485533
다사509546
다사509551
다사511510
다사514512
다사499543
다사497510
다사507512
다사527517
다사501527
다사477527
다사482528
다사488535
다사523515
다사506512
다사490534
다사495532
다사480531
다사484538
다사498517
다사514547
다사488534
다사502541
다사499547
다사477533
다사489539
다사500533
다사506543
다사514552
다사512539
다사511523
다사499542
다사519555
다사487529
다사516534
다사497542
다사511552
다사503531
다사486532
다사510512
다사513562
다사515548
다사524516
다사489524
다사524514
다사484529
다사493528
다사491529
다사505512
다사526518
다사501540
다사509517
다사508552
다사494511
다사502538
다사487524
다사488533
다사501523
다사517514
다사502525
다사515542
다사510540
다사519526
다사522524
다사482538
다사513554
다사501542
다사526520
다사513552
다사498524
다사528516
다사490539
다사508537
다사509523
다사522519
다사525515
다사514534
다사474532
다사500535
다사498522
다사511512
다사501511
다사523513
다사485532
다사500552
다사509550
다사512512
다사486530
다사505516
다사482540
다사497526
다사521519
다사489531
다사474533
다사477535
다사515549
다사490542
다사503526
다사510556
다사516552
다사514518
다사501543
다사508545
다사509541
다사513555
다사484530
다사501541
다사475530
다사503544
다사526514
다사490529
다사499514
다사520518
다사477537
다사496515
다사492531
다사512516
다사505553
다사525519
다사493531
다사494538
다사476529
다사479536
다사491535
다사495534
다사490536
다사514548
다사515559
다사474534
다사487526
다사492538
다사500538
다사522515
다사481541
다사504537
다사529515
다사523521
다사513525
다사499544
다사493513
다사514562
다사515560
다사492533
다사486525
다사510545
다사524519
다사485528
다사492532
다사499509
다사511558
다사482526
다사491534
다사495537
다사496522
다사488526
다사492519
다사494542
다사507539
다사492530
다사504533
다사481542
다사492528
다사495531
다사527516
다사513510
다사478536
다사494535
다사518526
다사477534
다사514539
다사489537
다사527518
다사491528
다사503545
다사490538
다사492523
다사487532
다사508517
다사508547
다사512560
다사493514
다사475535
다사509512
다사487538
다사516547
다사504512
다사473532
다사487531
다사499530
다사511554
다사496513
다사513512
다사496525
다사500520
다사530516
다사493539
다사495516
다사496517
다사510526
다사487521
다사486539
다사484522
다사518553
다사517526
다사498518
다사510538
다사517519
다사501533
다사484539
다사512553
다사494539
다사504540
다사508540
다사517535
다사497519
다사515515
다사478535
다사505543
다사517513
다사523517
다사509545
다사509518
다사512557
다사480533
다사477531
다사483530
다사492534
다사490540
다사481538
다사489538
다사493520
다사481539
다사481530
다사509554
다사503554
다사496535
다사499510
다사516516
다사493530
다사504547
다사515510
다사481537
다사499513
다사519554
다사489530
다사493540
다사500523
다사509542
다사490530
다사508520
다사519513
다사499533
다사510521
다사502542
다사515554
다사485536
다사509558
다사495523
다사500527
다사500531
다사495512
다사504545
다사485539
다사502509
다사513556
다사527519
다사481533
다사500553
다사513511
다사525514
다사494536
다사480530
다사512562
다사510510
다사513549
다사514545
다사497533
다사522512
다사510541
다사516513
다사513547
다사495524
다사506548
다사494532
다사498516
다사494528
다사509544
다사501524
다사501548
다사513537
다사517512
다사522514
다사519517
다사485525
다사512545
다사475529
다사486526
다사497527
다사500511
다사502534
다사506546
다사496527
다사498536
다사501535
다사511522
다사516520
다사516529
다사501509
다사515533
다사478533
다사490521
다사528517
다사515564
다사500524
다사514537
다사521515
다사513541
다사495536
다사512510
다사496529
다사508516
다사508531
다사495550
다사507526
다사520539
다사513535
다사518539
다사510517
다사518563
다사516565
다사515527
다사511546
다사496549
다사479525
다사507524
다사500514
다사486534
다사509516
다사505526
다사502507
다사504542
다사491522
다사518537
다사516524
다사481523
다사501553
다사502553
다사517556
다사499515
다사501549
다사507515
다사507528
다사487527
다사515531
다사519525
다사520540
다사497552
다사505513
다사507517
다사520545
다사521554
다사505515
다사512565
다사489522
다사513532
다사501516
다사496542
다사509527
다사500544
다사506527
다사513531
다사512537
다사502521
다사511515
다사512528
다사506539
다사495539
다사520556
다사520542
다사514528
다사506535
다사505527
다사509532
다사520554
다사481524
다사499538
다사508554
다사516523
다사503520
다사516559
다사512536
다사521548
다사494544
다사506550
다사508526
다사510563
다사512532
다사513567
다사513565
다사496541
다사519551
다사503535
다사508534
다사497539
다사497529
다사478540
다사506559
다사518548
다사528520
다사513524
다사511513
다사518530
다사487520
다사518513
다사488520
다사501517
다사479540
다사496536
다사486528
다사523526
다사513528
다사492540
다사505533
다사502517
다사512518
다사508522
다사500516
다사504508
다사516522
다사492542
다사509514
다사519535
다사503521
다사472530
다사473534
다사511566
다사515567
다사519543
다사502519
다사502554
다사515544
다사527512
다사508556
다사494540
다사498540
다사516531
다사500554
다사504528
다사498548
다사514531
다사505524
다사503525
다사508535
다사507554
다사499546
다사502547
다사506521
다사517542
다사504544
다사511561
다사510515
다사516558
다사521545
다사507560
다사506533
다사503550
다사518562
다사518534
다사514509
다사504517
다사491543
다사520530
다사501514
다사507553
다사518528
다사507534
다사520529
다사485521
다사497541
다사511518
다사473533
다사511533
다사518541
다사506522
다사521537
다사519544
다사480524
다사508533
다사507531
다사515547
다사471532
다사519538
다사516555
다사499539
다사516532
다사505521
다사521540
다사496546
다사512567
다사519547
다사511531
다사503514
다사518533
다사492543
다사512509
다사512531
다사516528
다사511519
다사519550
다사509562
다사514523
다사498539
다사472533
다사496537
다사518522
다사513529
다사512566
다사520527
다사506557
다사500545
다사493544
다사520546
다사521541
다사510564
다사492526
다사520538
다사505559
다사475536
다사509560
다사513516
다사520553
다사477526
다사503536
다사509521
다사513514
다사494546
다사505535
다사508558
다사515517
다사517548
다사509515
다사509535
다사502516
다사479524
다사505529
다사531515
다사514524
다사486521
다사516530
다사494547
다사513520
다사495546
다사529519
다사520521
다사518556
다사507558
다사507541
다사518552
다사516543
다사474535
다사497550
다사516549
다사520520
다사505544
다사509565
다사516564
다사514526
다사508519
다사505528
다사513523
다사523510
다사500517
다사511565
다사495510
다사489541
다사509564
다사521542
다사502535
다사517530
다사522527
다사520537
다사519521
다사511563
다사500519
다사507527
다사506532
다사505552
다사509563
다사517551
다사503549
다사514529
다사512517
다사519545
다사497536
다사519531
다사480542
다사496543
다사507559
다사506558
다사513509
다사509528
다사514565
다사493511
다사506536
다사509529
다사507513
다사517538
다사519522
다사505520
다사518521
다사512563
다사522552
다사506518
다사517515
다사511529
다사531516
다사505522
다사504550
다사508560
다사495543
다사504536
다사502515
다사504519
다사513533
다사507537
다사517534
다사504549
다사507516
다사471531
다사483522
다사515566
다사510561
다사505554
다사514532
다사475528
다사502513
다사493512
다사475527
다사503552
다사510531
다사505518
다사506519
다사504515
다사509513
다사509561
다사515526
다사506515
다사517560
다사525512
다사489523
다사505539
다사517553
다사512514
다사520536
다사498553
다사515562
다사476537
다사509559
다사498529
다사504535
다사515522
다사519529
다사489535
다사502522
다사505536
다사478529
다사500515
다사508528
다사510532
다사504521
다사501552
다사515534
다사480525
다사516525
다사503516
다사508559
다사504526
다사513519
다사501515
다사503555
다사506561
다사515525
다사507555
다사494543
다사497535
다사506531
다사521536
다사520541
다사494548
다사506534
다사510535
다사498538
다사505523
다사517543
다사506523
다사498547
다사518515
다사517525
다사501518
다사505549
다사511528
다사519530
다사501554
다사510514
다사507525
다사501519
다사503513
다사508529
다사511517
다사510534
다사509533
다사510529
다사521539
다사516541
다사506537
다사511535
다사517529
다사519534
다사510536
다사521551
다사516514
다사490535
다사506517
다사478525
다사505519
다사514527
다사516561
다사522528
다사504516
다사500518
다사506556
다사510527
다사486535
다사504529
다사507522
다사516527
다사515565
다사514519
다사524518
다사506526
다사518525
다사515524
다사497549
다사501544
다사508551
다사509530
다사507529
다사504520
다사507523
다사508555
다사504551
다사508513
다사508536
다사515558
다사505525
다사508525
다사518523
다사509525
다사507518
다사507540
다사511564
다사506538
다사513515
다사517561
다사502555
다사521553
다사519541
다사520547
다사519540
다사495547
다사517539
다사503547
다사512526
다사521543
다사512519
다사520524
다사516526
다사516545
다사482523
다사522553
다사511534
다사520522
다사518550
다사516515
다사508521
다사510528
다사505545
다사520548
다사512535
다사516544
다사514546
다사513566
다사499545
다사520551
다사497546
다사504514
다사521550
다사519523
다사502548
다사507561
다사520555
다사519524
다사517555
다사507552
다사504525
다사521547
다사517528
다사526512
다사506516
다사497547
다사497537
다사521552
다사505534
다사507533
다사507556
다사495541
다사498549
다사517554
다사521544
다사510560
다사510516
다사509536
다사518555
다사516566
다사505560
다사518544
다사503548
다사477538
다사521549
다사504518
다사514569
다사484542
다사515546
다사519546
다사517558
다사518524
다사506555
다사511527
다사517549
다사505538
다사497548
다사510537
다사510530
다사512529
다사502514
다사476526
다사517524
다사481543
다사522526
다사474528
다사505514
다사496551
다사517522
다사520535
다사520528
다사506529
다사506520
다사503515
다사507519
다사507536
다사495545
다사508532
다사509534
다사518538
다사501513
다사506528
다사479541
다사508515
다사511532
다사523527
다사498545
다사502551
다사521546
다사519539
다사504552
다사507562
다사506524
다사520550
다사519552
다사512533
다사512564
다사496538
다사516563
다사507557
다사518540
다사504543
다사508527
다사510513
다사518545
다사507530
다사476527
다사519528
다사496548
다사518535
다사504523
다사497545
다사527522
다사505561
다사514521
다사485522
다사521529
다사509520
다사520544
다사513534
다사530514
다사472532
다사505551
다사493543
다사505508
다사502549
다사530518
다사511530
다사507521
다사504532
다사512530
다사500508
다사504513
다사506560
다사514525
다사494545
다사496532
다사515545
다사503519
다사520543
다사497540
다사508530
다사505537
다사498546
다사517562
다사497551
다사519542
다사505517
다사505550
다사509526
다사518549
다사517544
다사515523
다사518529
다사514520
다사512527
다사508564
다사519520
다사502523
다사505532
다사504522
다사507520
다사517557
다사503517
다사513518
다사516562
다사514536
다사513530
다사519549
다사496550
다사504555
다사513517
다사517523
다사514566
다사516560
다사513568
다사498528
다사514517
다사504524
다사508553
다사511562
다사504534
다사519537
다사517564
다사517550
다사526523
다사517533
다사521535
다사519536
다사495544
다사514530
다사504548
다사490522
다사499540
다사520549
다사510562
다사519548
다사511509
다사508561
다사518512
다사515532
다사495538
다사493515
다사496545
다사516521
다사513526
다사495548
다사510533
다사521528
다사511516
다사511514
다사491525
다사507563
다사519527
다사505555
다사514522
다사490523
다사513527
다사520552
다사506525
다사512534
다사502520
다사517540
다사516554
다사506530
다사513536
다사509531
다사515528
다사495549
다사508562
다사525513
다사521538
다사516542
다사517516
다사522551
다사514567
다사503522
다사503518
다사515543
다사473529
다사511536
다사515512
다사502552
다사503551
다사513564
다사518543
다사517545
다사502518
다사508563
다사517563
다사487525
다사501545
다사530517
다사496547
다사517537
다사509537
다사518551
다사521555
다사510565
다사503524
다사524511
다사505546
다사516540
다사507532
다사478539
다사514568
다사497538
다사528513
다사507535
다사519498
다사524504
다사469507
다사489506
다사462532
다사482509
다사472529
다사484509
다사482506
다사518498
다사469510
다사501497
다사519500
다사480518
다사503497
다사487495
다사507498
다사521504
다사519507
다사473518
다사475526
다사471511
다사490513
다사500497
다사508502
다사525504
다사475517
다사502507
다사479506
다사482507
다사481523
다사521497
다사485516
다사496507
다사508493
다사475504
다사477511
다사476511
다사498508
다사492500
다사476506
다사454538
다사472513
다사456536
다사485506
다사506509
다사508491
다사485513
다사500500
다사458533
다사482504
다사525511
다사512496
다사496498
다사480521
다사486511
다사482519
다사488518
다사493507
다사491507
다사479504
다사497498
다사515497
다사513503
다사485500
다사470518
다사523508
다사508492
다사484501
다사509500
다사520503
다사510506
다사475514
다사460533
다사463530
다사513496
다사506498
다사493518
다사516506
다사490502
다사476515
다사453540
다사474512
다사504499
다사510497
다사488516
다사470508
다사478521
다사479520
다사473528
다사451537
다사487506
다사472523
다사503503
다사473506
다사494510
다사486507
다사481498
다사522502
다사502500
다사455534
다사487520
다사488520
다사517510
다사479503
다사477521
다사512497
다사519504
다사488497
다사519496
다사488498
다사486497
다사508508
다사451538
다사470515
다사499502
다사514491
다사520498
다사488519
다사507506
다사475518
다사522506
다사478520
다사521493
다사460527
다사513508
다사475503
다사479519
다사500506
다사473510
다사521494
다사471517
다사486500
다사497501
다사494504
다사487505
다사516504
다사460536
다사517509
다사475505
다사477508
다사519503
다사492515
다사477510
다사514509
다사489513
다사476524
다사506507
다사468530
다사471524
다사489502
다사485497
다사510505
다사477517
다사481497
다사458534
다사480508
다사471509
다사517507
다사481505
다사485521
다사489499
다사482515
다사488511
다사509496
다사496505
다사504500
다사517503
다사473517
다사479521
다사505494
다사476516
다사484499
다사516492
다사487498
다사493499
다사483503
다사480512
다사473522
다사465533
다사487500
다사516499
다사492518
다사501494
다사472516
다사502495
다사486506
다사508486
다사507508
다사475519
다사476514
다사496500
다사511502
다사500499
다사505490
다사512507
다사485503
다사492514
다사517490
다사519494
다사474503
다사503493
다사471512
다사474506
다사502505
다사467509
다사513488
다사487503
다사481503
다사509493
다사489515
다사499507
다사490515
다사455542
다사498495
다사489511
다사483514
다사479524
다사486521
다사510488
다사479505
다사471506
다사506500
다사476519
다사495504
다사487516
다사472511
다사487519
다사491497
다사482496
다사490506
다사513501
다사481501
다사513504
다사497506
다사454533
다사479509
다사525501
다사478501
다사507492
다사493517
다사523510
다사491503
다사518504
다사510509
다사511508
다사489517
다사475512
다사487502
다사471518
다사516491
다사485510
다사508497
다사477506
다사483515
다사519495
다사474504
다사511497
다사489504
다사452538
다사477514
다사488499
다사463531
다사450539
다사494516
다사516493
다사478509
다사489501
다사519493
다사485499
다사504506
다사497510
다사520505
다사477505
다사450538
다사486499
다사455538
다사493511
다사522509
다사502501
다사469513
다사481496
다사511500
다사465530
다사491518
다사501493
다사454532
다사482511
다사472524
다사466534
다사486508
다사496497
다사471510
다사516494
다사450541
다사498503
다사515487
다사475523
다사506491
다사483517
다사478508
다사516500
다사486512
다사493513
다사459533
다사486501
다사468511
다사522499
다사518490
다사483501
다사509492
다사480506
다사479517
다사479522
다사477524
다사495495
다사517493
다사480516
다사486519
다사506494
다사524500
다사505503
다사522497
다사490511
다사478517
다사497496
다사516489
다사453537
다사454542
다사490496
다사498499
다사478512
다사509485
다사509488
다사525509
다사517505
다사497507
다사452544
다사461526
다사483521
다사486503
다사524507
다사523498
다사505500
다사515506
다사481521
다사490505
다사506490
다사523500
다사510486
다사492511
다사519499
다사498506
다사519501
다사467532
다사485507
다사452543
다사490517
다사477512
다사498498
다사454540
다사493498
다사486502
다사499505
다사490497
다사511507
다사482497
다사505496
다사480523
다사522500
다사477519
다사517502
다사485501
다사504496
다사488509
다사497499
다사520500
다사476504
다사485518
다사520502
다사511503
다사493516
다사474525
다사514487
다사470513
다사458535
다사516503
다사495502
다사490518
다사503496
다사509506
다사460538
다사467513
다사494515
다사474508
다사510494
다사473515
다사461530
다사508498
다사478513
다사520495
다사495500
다사503506
다사515489
다사525502
다사492517
다사470507
다사499496
다사485508
다사511493
다사488513
다사498507
다사475522
다사451536
다사507491
다사470506
다사490499
다사523499
다사484504
다사484500
다사490504
다사514503
다사477500
다사477501
다사474526
다사497497
다사516502
다사520494
다사465534
다사499497
다사482521
다사526502
다사464530
다사488501
다사522503
다사509491
다사491516
다사491511
다사522504
다사477502
다사495505
다사521506
다사499501
다사521500
다사476522
다사504498
다사504501
다사512487
다사509507
다사472514
다사469508
다사480502
다사485511
다사484515
다사476517
다사477516
다사513499
다사493509
다사509499
다사518503
다사452537
다사465531
다사520501
다사476509
다사505498
다사500502
다사488502
다사489497
다사477513
다사509505
다사508507
다사490519
다사511501
다사476525
다사471528
다사500505
다사500494
다사457538
다사487507
다사467530
다사468514
다사478514
다사474507
다사514489
다사517489
다사486513
다사460532
다사468531
다사512501
다사482503
다사510501
다사499506
다사483509
다사485520
다사473527
다사496501
다사482508
다사480498
다사499499
다사480509
다사501502
다사484497
다사518499
다사482522
다사497495
다사498505
다사512494
다사511498
다사486510
다사485509
다사472522
다사468509
다사471507
다사501505
다사489509
다사514501
다사496509
다사514486
다사471529
다사467533
다사461528
다사495497
다사473519
다사520492
다사461529
다사523503
다사516488
다사455535
다사497502
다사494497
다사478504
다사509497
다사511496
다사505493
다사498496
다사506495
다사476503
다사470512
다사488515
다사479514
다사524503
다사500493
다사503505
다사472518
다사491505
다사518497
다사459531
다사518500
다사501504
다사486509
다사505507
다사513494
다사492506
다사461527
다사499504
다사468513
다사513502
다사507495
다사476523
다사480513
다사474524
다사469509
다사506497
다사480505
다사476502
다사491506
다사508500
다사493515
다사478523
다사480503
다사506506
다사464532
다사498504
다사511489
다사494511
다사511495
다사511488
다사490512
다사509502
다사451542
다사523509
다사484518
다사518494
다사471515
다사508503
다사489512
다사510496
다사521502
다사485505
다사489498
다사481512
다사495506
다사483506
다사468529
다사476520
다사498501
다사473520
다사512491
다사524506
다사490501
다사510500
다사519508
다사452536
다사475516
다사493514
다사457536
다사496495
다사475502
다사517500
다사481506
다사500504
다사453544
다사502494
다사525503
다사521503
다사503494
다사473504
다사479499
다사470523
다사522505
다사502503
다사514499
다사502506
다사492498
다사479516
다사472526
다사515499
다사497494
다사499508
다사476508
다사471526
다사480497
다사479501
다사502496
다사494500
다사512486
다사519510
다사492516
다사498497
다사484498
다사506508
다사510489
다사478511
다사518507
다사487508
다사518493
다사482495
다사492508
다사525508
다사473507
다사496506
다사494517
다사507496
다사492497
다사522498
다사485517
다사504492
다사498502
다사476501
다사491508
다사487504
다사454537
다사489496
다사473505
다사508506
다사501496
다사478518
다사503499
다사487513
다사472504
다사486518
다사461533
다사512503
다사471522
다사488503
다사495508
다사474527
다사466533
다사483518
다사453543
다사521499
다사494505
다사481500
다사524505
다사488517
다사490509
다사508509
다사486515
다사486498
다사473508
다사502493
다사482512
다사498493
다사504505
다사464531
다사508505
다사459534
다사513493
다사477515
다사481517
다사503500
다사501500
다사492512
다사495499
다사473521
다사516497
다사464533
다사515509
다사510507
다사483500
다사517491
다사474515
다사472525
다사516508
다사504508
다사522508
다사493504
다사459532
다사492507
다사514493
다사496508
다사473502
다사518492
다사494506
다사492509
다사478503
다사482505
다사487514
다사520506
다사487497
다사455537
다사478506
다사505497
다사476513
다사498509
다사519492
다사517506
다사484517
다사486517
다사478510
다사514495
다사499493
다사474505
다사471523
다사507507
다사486514
다사515502
다사483520
다사514488
다사513497
다사526500
다사480496
다사517504
다사480517
다사472528
다사517508
다사480495
다사479512
다사493506
다사509509
다사489503
다사497500
다사499498
다사450540
다사490516
다사477523
다사522507
다사472519
다사512502
다사476521
다사480524
다사475508
다사491498
다사484511
다사518509
다사505506
다사481499
다사502499
다사503507
다사517494
다사474518
다사516501
다사497504
다사506492
다사507493
다사475507
다사507499
다사470526
다사521507
다사512509
다사473514
다사503498
다사499503
다사509501
다사513486
다사465532
다사489516
다사473516
다사475511
다사506499
다사483497
다사503495
다사494507
다사475524
다사474522
다사480520
다사513489
다사471527
다사510508
다사518495
다사505492
다사495507
다사470517
다사520497
다사503501
다사485504
다사481507
다사501499
다사487501
다사479510
다사477522
다사484513
다사475510
다사493508
다사483516
다사462529
다사487517
다사471514
다사453538
다사519506
다사507490
다사484505
다사479496
다사472520
다사524501
다사469511
다사479500
다사477525
다사492496
다사468507
다사495510
다사497505
다사501498
다사486516
다사483496
다사489514
다사523501
다사518505
다사475520
다사470514
다사472506
다사490507
다사505495
다사508499
다사514500
다사483512
다사504494
다사467529
다사524499
다사477503
다사513509
다사473523
다사510487
다사524502
다사472510
다사488512
다사526501
다사483513
다사508504
다사502502
다사480522
다사466512
다사502504
다사515488
다사518491
다사514490
다사517496
다사494509
다사482499
다사478507
다사483522
다사496499
다사487518
다사475509
다사491502
다사508494
다사493512
다사495496
다사490500
다사471508
다사515498
다사456535
다사521508
다사487510
다사501507
다사455536
다사525500
다사498494
다사482513
다사467508
다사476512
다사513500
다사515503
다사480501
다사460537
다사451540
다사520504
다사517492
다사484516
다사466532
다사478519
다사481504
다사472508
다사513492
다사485498
다사512490
다사517495
다사525510
다사523506
다사474513
다사483502
다사484510
다사523502
다사489510
다사510492
다사485514
다사519509
다사508496
다사473513
다사478522
다사499495
다사473512
다사501495
다사514506
다사512508
다사517498
다사463529
다사483505
다사480510
다사500501
다사479523
다사474521
다사474516
다사481518
다사515491
다사489500
다사495498
다사515507
다사506496
다사482498
다사479518
다사510490
다사482500
다사514502
다사492505
다사519505
다사510499
다사500496
다사472512
다사481508
다사486520
다사473509
다사478505
다사480499
다사485515
다사475513
다사491514
다사479513
다사484514
다사452539
다사515496
다사511494
다사471505
다사509490
다사515493
다사476507
다사472505
다사515495
다사510495
다사472521
다사518508
다사467512
다사499494
다사514492
다사514497
다사482516
다사483504
다사473524
다사457535
다사488504
다사483510
다사500498
다사472515
다사474510
다사493497
다사507494
다사475515
다사509486
다사479502
다사483508
다사455543
다사524508
다사451539
다사491512
다사478502
다사492499
다사456538
다사521498
다사489520
다사509503
다사516496
다사504493
다사506493
다사515505
다사491499
다사467531
다사494501
다사472527
다사503502
다사480511
다사471525
다사505499
다사468528
다사511504
다사482501
다사511491
다사502497
다사507497
다사511487
다사496503
다사513490
다사521505
다사471504
다사454544
다사509508
다사476518
다사484506
다사480507
다사484512
다사470525
다사511505
다사520499
다사491509
다사487511
다사481510
다사490503
다사470510
다사487515
다사485512
다사497509
다사482510
다사473511
다사494496
다사520496
다사500507
다사509495
다사521496
다사520493
다사483519
다사501501
다사491515
다사490498
다사453533
다사506501
다사482514
다사483498
다사476526
다사503492
다사490510
다사466530
다사522510
다사470524
다사496510
다사491501
다사455532
다사473503
다사494498
다사509487
다사515490
다사518502
다사504507
다사470509
다사472509
다사476510
다사483499
다사512489
다사479507
다사483507
다사452542
다사502498
다사517501
다사460528
다사474509
다사494499
다사507500
다사507509
다사465529
다사509504
다사518506
다사484519
다사511486
다사474519
다사516490
다사475525
다사505508
다사481511
다사486504
다사505501
다사512488
다사491513
다사500508
다사488508
다사488507
다사474523
다사474511
다사487509
다사518510
다사481509
다사453536
다사497508
다사487499
다사484503
다사517497
다사516509
다사489519
다사516507
다사513491
다사466531
다사500495
다사505491
다사511492
다사468508
다사522501
다사482518
다사513487
다사470505
다사515500
다사466529
다사518496
다사514496
다사479511
다사481519
다사475501
다사493505
다사475521
다사524509
다사484507
다사490520
다사494508
다사491519
다사481522
다사480500
다사455533
다사520507
다사479508
다사508495
다사477520
다사501506
다사477504
다사510498
다사457534
다사488500
다사492513
다사493496
다사515501
다사454541
다사498500
다사488514
다사519497
다사523507
다사477509
다사516495
다사486505
다사516498
다사470511
다사477507
다사476505
다사480504
다사511509
다사495501
다사474502
다사484508
다사496502
다사495509
다사474514
다사513495
다사454543
다사507501
다사508501
다사508490
다사485519
다사489505
다사500503
다사469514
다사483511
다사521501
다사493510
다사512493
다사509498
다사516505
다사482517
다사490508
다사490514
다사509494
다사487512
다사491517
다사484502
다사491510
다사471513
다사489518
다사488510
다사478524
다사491504
다사484520
다사523505
다사474501
다사504495
다사454536
다사504497
다사462530
다사519502
다사492519
다사501503
다사478516
다사453539
다사468512
다사491500
다사492510
다사475506
다사515492
다사485502
다사524511
다사508489
다사460534
다사472507
다사524510
다사511499
다사488506
다사488505
다사469512
다사481516
다사497503
다사499500
다사483523
다사456534
다사440518
다사446517
다사452531
다사495511
다사441528
다사437526
다사512499
다사472499
다사433524
다사463527
다사434523
다사467527
다사479525
다사470516
다사445517
다사471503
다사494494
다사458513
다사468534
다사488493
다사474499
다사460516
다사490494
다사438530
다사437528
다사491490
다사485495
다사457528
다사461519
다사444517
다사470527
다사465524
다사453541
다사486492
다사455523
다사477493
다사458530
다사474494
다사465528
다사429528
다사444525
다사479498
다사464516
다사449534
다사479493
다사453511
다사475499
다사475498
다사435524
다사438519
다사433526
다사494493
다사437524
다사466518
다사452522
다사448529
다사464511
다사463509
다사454525
다사454515
다사449521
다사446518
다사456528
다사481524
다사457520
다사467521
다사447532
다사459510
다사489493
다사475493
다사504488
다사458507
다사455512
다사514505
다사465501
다사469518
다사438525
다사450525
다사456512
다사461518
다사449520
다사441527
다사454530
다사459530
다사448533
다사496496
다사461513
다사459520
다사443520
다사440533
다사435522
다사452514
다사469531
다사459509
다사454510
다사454522
다사442523
다사458506
다사458537
다사476496
다사482520
다사447514
다사466514
다사437525
다사441530
다사512505
다사461531
다사494518
다사429527
다사489494
다사461517
다사472530
다사477492
다사449526
다사507487
다사454546
다사437531
다사459519
다사450531
다사463502
다사461507
다사456529
다사444518
다사460523
다사482502
다사452511
다사433530
다사464508
다사485493
다사460521
다사500491
다사451532
다사499491
다사451517
다사454521
다사454513
다사442518
다사507489
다사487496
다사461514
다사507503
다사454526
다사484493
다사491492
다사459528
다사462534
다사433523
다사436527
다사453508
다사462527
다사467520
다사459517
다사454519
다사461540
다사468526
다사505487
다사451543
다사485494
다사460524
다사464521
다사460510
다사456519
다사481513
다사463517
다사467502
다사459508
다사451535
다사437522
다사454527
다사459535
다사474497
다사458524
다사459541
다사493495
다사481493
다사438527
다사441521
다사469501
다사455520
다사467504
다사469524
다사435528
다사442526
다사436530
다사429529
다사446516
다사463506
다사466507
다사506503
다사439526
다사458531
다사493491
다사445533
다사453530
다사477497
다사456523
다사512506
다사463515
다사456509
다사451523
다사467517
다사438531
다사496493
다사477526
다사525506
다사503508
다사508488
다사435526
다사450519
다사448523
다사447521
다사498510
다사454535
다사466526
다사445518
다사478494
다사444526
다사456516
다사468515
다사449517
다사451514
다사444521
다사430529
다사468523
다사443526
다사487494
다사442522
다사473494
다사475492
다사447526
다사453523
다사459515
다사478500
다사494490
다사441519
다사453534
다사475494
다사447513
다사439517
다사463526
다사467519
다사511490
다사461521
다사492492
다사457539
다사464515
다사456517
다사461522
다사452518
다사434526
다사459521
다사440528
다사447530
다사463524
다사458512
다사446519
다사454517
다사444533
다사450542
다사463503
다사469526
다사489495
다사476492
다사453535
다사477495
다사501492
다사447528
다사443529
다사460504
다사453542
다사464536
다사495493
다사445524
다사456532
다사470522
다사467514
다사461509
다사456515
다사452510
다사461538
다사445521
다사492491
다사445513
다사433529
다사452535
다사495490
다사519490
다사466513
다사440524
다사471531
다사438529
다사463521
다사467535
다사454520
다사456525
다사518489
다사439529
다사462507
다사442529
다사443533
다사461510
다사475528
다사456506
다사475527
다사456545
다사451533
다사469522
다사499509
다사466501
다사448524
다사466527
다사446526
다사444527
다사458519
다사457507
다사450518
다사462513
다사462519
다사442521
다사484522
다사448519
다사459513
다사481492
다사434522
다사487492
다사461532
다사463505
다사466502
다사469505
다사491491
다사447515
다사465506
다사466522
다사449536
다사455546
다사500490
다사444532
다사467528
다사436523
다사446528
다사515510
다사492504
다사506486
다사464514
다사463508
다사460509
다사512500
다사452525
다사441526
다사451522
다사469519
다사453512
다사437532
다사457532
다사473497
다사476494
다사470502
다사457527
다사465521
다사432525
다사460540
다사494492
다사451519
다사480519
다사483495
다사456524
다사456542
다사461512
다사467526
다사493501
다사477518
다사449537
다사449516
다사448528
다사467506
다사470519
다사440523
다사523504
다사439525
다사457523
다사469533
다사501491
다사448525
다사443528
다사461535
다사462517
다사463511
다사460505
다사467501
다사458517
다사448512
다사458505
다사513505
다사495517
다사503490
다사446531
다사501490
다사504502
다사500492
다사458528
다사449540
다사461536
다사501508
다사453545
다사434529
다사468506
다사512492
다사467511
다사438523
다사450537
다사462538
다사492495
다사464506
다사465523
다사486493
다사474517
다사448520
다사460506
다사434521
다사431524
다사477498
다사463525
다사466535
다사436522
다사432529
다사485496
다사441532
다사452540
다사459516
다사451520
다사433528
다사490495
다사450512
다사449529
다사456530
다사458543
다사445516
다사444529
다사437521
다사490491
다사449514
다사517488
다사437530
다사454523
다사476493
다사464510
다사455515
다사455516
다사439528
다사448517
다사469528
다사442517
다사432527
다사508487
다사476500
다사449533
다사458539
다사473525
다사441516
다사505502
다사439527
다사470503
다사469516
다사455527
다사443522
다사450517
다사467507
다사430528
다사495491
다사458515
다사467503
다사472502
다사465511
다사433525
다사453519
다사458536
다사471500
다사440527
다사513506
다사439532
다사447516
다사455545
다사451544
다사459540
다사452532
다사462522
다사445527
다사436524
다사505504
다사483492
다사459536
다사442533
다사446521
다사493493
다사495503
다사457540
다사450536
다사460511
다사463504
다사450533
다사473501
다사466524
다사450535
다사476527
다사512504
다사466525
다사457508
다사465505
다사429526
다사459537
다사460514
다사468502
다사472503
다사448514
다사457509
다사447517
다사515486
다사451512
다사470501
다사445530
다사454508
다사454529
다사510485
다사450514
다사474529
다사432530
다사451513
다사446523
다사469500
다사434527
다사460508
다사465515
다사470528
다사481520
다사438526
다사464527
다사493503
다사431526
다사459518
다사505488
다사435529
다사445525
다사452512
다사470500
다사491520
다사457525
다사434531
다사458510
다사467515
다사463507
다사465536
다사481514
다사459522
다사442530
다사468521
다사456522
다사470529
다사458529
다사438524
다사451531
다사456518
다사450528
다사436521
다사450521
다사511485
다사457514
다사461511
다사488492
다사469506
다사458521
다사441529
다사464502
다사471521
다사463514
다사457544
다사492503
다사436532
다사464522
다사462526
다사460531
다사468518
다사455514
다사470498
다사447519
다사434528
다사507485
다사471499
다사479495
다사438532
다사452534
다사521509
다사446520
다사441533
다사460530
다사507486
다사436529
다사455544
다사453518
다사460518
다사446515
다사454514
다사431527
다사432523
다사445515
다사435531
다사447531
다사476495
다사521495
다사478498
다사452528
다사447533
다사469515
다사446513
다사463510
다사508485
다사464509
다사459527
다사457510
다사483493
다사462531
다사458508
다사448521
다사449515
다사473496
다사453547
다사472497
다사514498
다사454509
다사464538
다사515508
다사493492
다사498491
다사478495
다사448530
다사470521
다사457531
다사484494
다사467510
다사493490
다사455526
다사453527
다사470520
다사467518
다사495516
다사431528
다사432522
다사506505
다사456531
다사466511
다사449541
다사447527
다사458523
다사465512
다사470504
다사466508
다사443521
다사453525
다사464518
다사504489
다사452545
다사458525
다사513507
다사454547
다사450513
다사430526
다사449539
다사467523
다사510491
다사455509
다사449538
다사471498
다사439520
다사443519
다사468533
다사488496
다사468522
다사472495
다사480494
다사447518
다사440532
다사446522
다사508484
다사510493
다사452523
다사450530
다사475496
다사498492
다사493519
다사473500
다사488494
다사462506
다사516510
다사444520
다사458520
다사491495
다사479497
다사524512
다사466504
다사450511
다사462539
다사449519
다사440520
다사451534
다사452520
다사466505
다사481494
다사456543
다사443516
다사518501
다사525505
다사451526
다사437527
다사460535
다사492493
다사501489
다사440525
다사504503
다사452516
다사457526
다사445514
다사438528
다사449522
다사463522
다사468503
다사462528
다사451515
다사476498
다사451527
다사453510
다사443518
다사491494
다사448527
다사451528
다사467525
다사467500
다사470531
다사523497
다사434530
다사443527
다사456511
다사457542
다사439522
다사439523
다사452529
다사506487
다사455528
다사472531
다사472498
다사444524
다사473526
다사461503
다사492494
다사452527
다사478496
다사452519
다사460529
다사444515
다사480515
다사439524
다사449528
다사474498
다사464505
다사478515
다사465517
다사469520
다사465508
다사459542
다사462516
다사484495
다사512495
다사455524
다사446525
다사460520
다사469503
다사471497
다사472494
다사526509
다사431525
다사515504
다사466523
다사496491
다사443532
다사453524
다사460541
다사443525
다사461516
다사481502
다사458540
다사449512
다사437523
다사468527
다사473499
다사457530
다사474500
다사439531
다사453514
다사465503
다사456508
다사470497
다사460522
다사456507
다사461504
다사478526
다사455522
다사457511
다사479494
다사463534
다사463523
다사456539
다사466519
다사445526
다사455529
다사507488
다사474492
다사435523
다사444531
다사496492
다사455518
다사471532
다사453515
다사519491
다사445528
다사485492
다사454531
다사461508
다사469502
다사466509
다사459511
다사447520
다사456513
다사456540
다사452530
다사469527
다사447523
다사452509
다사462524
다사462503
다사445519
다사466528
다사464528
다사456537
다사462536
다사453509
다사450527
다사449518
다사451530
다사447524
다사506488
다사460526
다사451511
다사451529
다사448531
다사457518
다사506504
다사514508
다사448518
다사475500
다사460539
다사453532
다사462518
다사442515
다사461515
다사453531
다사455510
다사449532
다사493494
다사458527
다사469525
다사506489
다사502492
다사494495
다사440526
다사442520
다사441517
다사457524
다사452521
다사431523
다사467524
다사434524
다사461539
다사468516
다사516487
다사432524
다사471519
다사456527
다사452526
다사514510
다사457543
다사472517
다사459539
다사476497
다사453517
다사475497
다사437520
다사509484
다사450523
다사497492
다사448516
다사462508
다사469499
다사440530
다사503504
다사436525
다사452533
다사465522
다사463513
다사463512
다사459507
다사468519
다사430524
다사453528
다사463518
다사451518
다사464504
다사452515
다사468501
다사451521
다사450520
다사484492
다사489508
다사441524
다사459538
다사467516
다사440519
다사461506
다사478497
다사436519
다사457515
다사448515
다사453521
다사464526
다사468520
다사467505
다사491493
다사452517
다사496504
다사520491
다사461534
다사463535
다사458516
다사514494
다사469498
다사450524
다사452541
다사484496
다사464534
다사435525
다사454511
다사463516
다사437518
다사479492
다사494503
다사437529
다사462523
다사440517
다사454518
다사481515
다사441525
다사458511
다사446533
다사461525
다사468510
다사487521
다사493500
다사483494
다사464537
다사514504
다사471516
다사445532
다사444528
다사465535
다사491496
다사471501
다사453522
다사462521
다사520508
다사515494
다사469517
다사468505
다사459505
다사486496
다사471496
다사503489
다사448513
다사445520
다사453516
다사462509
다사453526
다사507505
다사460513
다사455540
다사472501
다사492490
다사469530
다사451510
다사457512
다사463538
다사502491
다사455525
다사469521
다사476499
다사465513
다사455513
다사489492
다사440521
다사486494
다사462537
다사462505
다사446530
다사466503
다사438518
다사442525
다사432528
다사449524
다사440516
다사454512
다사464513
다사463537
다사466510
다사457537
다사510504
다사465525
다사444523
다사478525
다사443515
다사492502
다사463519
다사448532
다사471502
다사433522
다사465509
다사456514
다사458518
다사488495
다사463536
다사447512
다사449513
다사433527
다사490492
다사457521
다사463533
다사502508
다사446529
다사466517
다사449527
다사457506
다사521510
다사465519
다사454534
다사455547
다사458526
다사465527
다사509489
다사458541
다사462510
다사439533
다사457516
다사473495
다사447529
다사467522
다사504504
다사505505
다사436528
다사450534
다사431529
다사448522
다사451525
다사497493
다사442528
다사459512
다사455521
다사482523
다사461520
다사474520
다사458542
다사505489
다사451541
다사439530
다사469532
다사495492
다사446524
다사506502
다사464535
다사492501
다사454524
다사466536
다사442531
다사464507
다사487493
다사457519
다사470533
다사436531
다사478499
다사456533
다사461505
다사438522
다사462514
다사440522
다사464517
다사478492
다사443530
다사456544
다사500509
다사486495
다사458532
다사490493
다사470530
다사523511
다사477494
다사477496
다사456521
다사448511
다사459506
다사454539
다사442527
다사439519
다사438520
다사459526
다사444516
다사493502
다사473530
다사446532
다사514507
다사468504
다사465516
다사447522
다사455517
다사465507
다사464512
다사478493
다사503488
다사512498
다사444514
다사457533
다사459529
다사450529
다사445531
다사449525
다사463520
다사474496
다사507504
다사462520
다사463532
다사473493
다사520510
다사441523
다사474528
다사464523
다사444522
다사440531
다사442519
다사442532
다사453546
다사459524
다사468524
다사441531
다사451524
다사465510
다사455519
다사460519
다사458522
다사436526
다사450516
다사466516
다사494502
다사449523
다사464519
다사469529
다사441522
다사435530
다사463528
다사450532
다사454516
다사455531
다사459525
다사432526
다사482494
다사444519
다사448526
다사468517
다사464520
다사479515
다사458514
다사460512
다사445522
다사485522
다사460515
다사430525
다사460517
다사459523
다사443524
다사465526
다사462512
다사435521
다사460525
다사513498
다사474495
다사480493
다사455508
다사455539
다사457513
다사503491
다사450515
다사470499
다사438521
다사429525
다사461524
다사489507
다사456541
다사456520
다사435527
다사468525
다사468532
다사453520
다사439518
다사441520
다사452513
다사481495
다사482493
다사455511
다사449530
다사445523
다사437519
다사444530
다사464524
다사517499
다사454545
다사457529
다사455530
다사480492
다사434525
다사452524
다사461523
다사446514
다사465520
다사464501
다사442524
다사510502
다사446527
다사470532
다사466506
다사469523
다사472500
다사455507
다사474493
다사443523
다사469504
다사477499
다사502489
다사499492
다사484521
다사471520
다사449531
다사447525
다사504491
다사465504
다사462525
다사462504
다사511506
다사465502
다사466515
다사455541
다사505509
다사445529
다사466520
다사494491
다사468500
다사450510
다사457522
다사443531
다사454528
다사449511
다사458509
다사496494
다사465514
다사502490
다사520509
다사451516
다사462515
다사507502
다사510503
다사464525
다사452546
다사473498
다사464529
다사475495
다사453513
다사457541
다사443517
다사471495
다사439521
다사462535
다사450526
다사457517
다사442516
다사435520
다사440529
다사456510
다사504490
다사453529
다사459504
다사495494
다사465537
다사461537
다사460507
다사473529
다사504487
다사480514
다사472496
다사465518
다사466521
다사462533
다사436520
다사458538
다사430527
다사464503
다사456526
다사471530
다사467534
다사482492
다사526510
다사459514
다사441518
다사450522
다사462511
다사495448
다사491437
다사509461
다사488442
다사523440
다사527426
다사476431
다사481434
다사501456
다사540421
다사502444
다사538426
다사511461
다사522440
다사499452
다사513449
다사516441
다사501452
다사541443
다사497449
다사474433
다사496449
다사502451
다사503450
다사476434
다사475431
다사525451
다사509450
다사502453
다사533423
다사534420
다사512446
다사481433
다사538421
다사536424
다사524456
다사515446
다사520457
다사529426
다사495457
다사510445
다사514444
다사478434
다사541436
다사508440
다사512444
다사499459
다사511455
다사541422
다사536428
다사510455
다사534432
다사517450
다사537434
다사494458
다사500449
다사518459
다사497444
다사490455
다사514440
다사509453
다사531421
다사499456
다사477436
다사520444
다사518440
다사538424
다사491450
다사521444
다사501449
다사532453
다사515458
다사502440
다사520448
다사534426
다사503454
다사523453
다사532432
다사503446
다사520458
다사498448
다사502459
다사534434
다사529424
다사504449
다사517443
다사517442
다사530452
다사525435
다사530421
다사538428
다사521457
다사515461
다사541424
다사507443
다사501440
다사524437
다사531436
다사482438
다사535420
다사537422
다사526452
다사521448
다사526436
다사525433
다사507455
다사491443
다사540431
다사531423
다사525455
다사503445
다사519453
다사540439
다사536420
다사530431
다사537435
다사511442
다사479436
다사510452
다사514462
다사516444
다사529450
다사509448
다사510448
다사509441
다사527433
다사516445
다사536433
다사498446
다사531437
다사499447
다사520459
다사537439
다사483443
다사536439
다사487444
다사506448
다사539429
다사492451
다사530424
다사514458
다사503456
다사507454
다사498459
다사515440
다사495442
다사504458
다사537436
다사512453
다사538434
다사483440
다사540442
다사514459
다사495450
다사523450
다사504451
다사501446
다사488447
다사527449
다사524451
다사541432
다사482437
다사516447
다사511456
다사522457
다사523444
다사518446
다사507460
다사532435
다사492452
다사519458
다사538441
다사532427
다사502456
다사515457
다사506449
다사521441
다사512448
다사513462
다사539428
다사507441
다사530423
다사538431
다사534436
다사515456
다사503463
다사504456
다사513453
다사529428
다사541441
다사517454
다사518439
다사540434
다사525436
다사535421
다사500450
다사506447
다사526430
다사489445
다사532425
다사491454
다사541435
다사506442
다사474430
다사495443
다사540433
다사514454
다사535431
다사503448
다사488450
다사512457
다사516449
다사533424
다사526434
다사531422
다사517452
다사507450
다사532434
다사517451
다사497461
다사516442
다사515444
다사512460
다사508451
다사516443
다사514442
다사532422
다사479438
다사515452
다사527451
다사513450
다사506444
다사532454
다사500452
다사495440
다사530432
다사538430
다사515442
다사534429
다사501453
다사529453
다사502454
다사532419
다사517436
다사532431
다사541428
다사527450
다사525444
다사506452
다사521446
다사511453
다사532423
다사538437
다사535427
다사536423
다사540424
다사497450
다사529451
다사491447
다사541442
다사507444
다사506443
다사508454
다사491448
다사500451
다사537438
다사538446
다사499454
다사524447
다사519456
다사522453
다사535430
다사495441
다사491444
다사481439
다사505446
다사508442
다사489442
다사492458
다사526451
다사515454
다사501450
다사528452
다사487445
다사530438
다사540429
다사492444
다사477435
다사500446
다사534425
다사492460
다사479437
다사514455
다사517447
다사526450
다사519438
다사539433
다사497447
다사509443
다사494459
다사505459
다사510444
다사524435
다사539441
다사513443
다사528428
다사480434
다사518444
다사517437
다사531432
다사540437
다사515459
다사475435
다사536435
다사503460
다사523458
다사537433
다사477437
다사531430
다사542439
다사528426
다사494448
다사492445
다사517459
다사501451
다사509442
다사521451
다사532433
다사526453
다사515460
다사537420
다사528438
다사482440
다사497446
다사499441
다사506461
다사525454
다사500461
다사527452
다사488444
다사508453
다사500457
다사512441
다사515439
다사475434
다사500447
다사542441
다사496458
다사534437
다사503459
다사516460
다사525452
다사537432
다사533436
다사494442
다사506460
다사512454
다사504450
다사541429
다사514448
다사495444
다사498438
다사510454
다사517444
다사501454
다사480442
다사506446
다사478432
다사500458
다사497457
다사492450
다사497458
다사502452
다사492442
다사493447
다사540423
다사510441
다사524434
다사503461
다사505456
다사538432
다사491441
다사513442
다사512442
다사481438
다사496462
다사516450
다사541427
다사537431
다사520441
다사499457
다사535435
다사537426
다사495446
다사517439
다사482435
다사506445
다사515449
다사525456
다사497443
다사507449
다사498442
다사535437
다사488446
다사505447
다사511451
다사490444
다사533425
다사531427
다사520438
다사523438
다사509447
다사528427
다사498452
다사510460
다사482441
다사503449
다사539436
다사527455
다사522448
다사479435
다사498457
다사539421
다사494445
다사491451
다사518460
다사533453
다사493443
다사531425
다사519461
다사538429
다사536421
다사506451
다사489451
다사529433
다사513444
다사531434
다사484443
다사523455
다사512447
다사492459
다사506458
다사513448
다사533434
다사539431
다사488445
다사532429
다사492439
다사503442
다사535422
다사515451
다사490447
다사503455
다사488443
다사499458
다사512445
다사495445
다사539439
다사521440
다사530428
다사506463
다사516440
다사521438
다사501455
다사514456
다사478431
다사523459
다사507457
다사503453
다사537425
다사493458
다사521450
다사507452
다사538436
다사526449
다사533430
다사538440
다사502447
다사499445
다사536430
다사521456
다사532420
다사499448
다사502442
다사507447
다사484442
다사508461
다사535432
다사538435
다사517458
다사514446
다사536427
다사487443
다사536434
다사509455
다사504453
다사525437
다사494461
다사504459
다사493442
다사540430
다사535425
다사510461
다사503457
다사535429
다사497440
다사490437
다사491458
다사526437
다사542434
다사512443
다사494447
다사517446
다사506453
다사483441
다사508459
다사527456
다사506456
다사500445
다사502460
다사498440
다사512458
다사505461
다사476435
다사514460
다사497445
다사491457
다사533419
다사522455
다사510453
다사493439
다사505458
다사499449
다사524431
다사528450
다사525450
다사514453
다사510443
다사528431
다사540428
다사538422
다사541440
다사502439
다사480435
다사529430
다사496448
다사530437
다사528451
다사537421
다사508443
다사492457
다사516455
다사528432
다사514452
다사513455
다사539424
다사539430
다사478439
다사531426
다사499440
다사540443
다사479439
다사538425
다사491452
다사513458
다사527434
다사495458
다사522456
다사489447
다사476432
다사532436
다사519457
다사520454
다사511443
다사505444
다사506455
다사510459
다사531424
다사496441
다사535439
다사505453
다사498456
다사527431
다사511450
다사516448
다사500444
다사512451
다사509445
다사504448
다사519452
다사505460
다사532426
다사490454
다사506454
다사530422
다사520439
다사496439
다사492448
다사481442
다사519460
다사512452
다사497442
다사505448
다사482439
다사523451
다사514457
다사529434
다사514451
다사492441
다사525453
다사522454
다사517441
다사517457
다사514441
다사534421
다사481436
다사514463
다사496440
다사511444
다사539434
다사517438
다사489444
다사504457
다사496457
다사540422
다사538423
다사515445
다사518445
다사492455
다사500455
다사503443
다사508457
다사501444
다사496444
다사529432
다사534427
다사535434
다사495462
다사500443
다사509449
다사512455
다사505454
다사480437
다사510451
다사500440
다사494443
다사531428
다사534430
다사535423
다사516454
다사531452
다사474432
다사492446
다사526447
다사520456
다사511449
다사524438
다사503444
다사535426
다사512459
다사511445
다사495459
다사514447
다사532437
다사508449
다사515455
다사524455
다사501457
다사527432
다사515443
다사537430
다사533420
다사498453
다사503462
다사483442
다사523452
다사498447
다사498451
다사539435
다사502438
다사536426
다사530430
다사524444
다사490441
다사493462
다사507453
다사489450
다사499444
다사539432
다사521455
다사502443
다사511459
다사507461
다사532424
다사540435
다사508448
다사524450
다사501460
다사526454
다사491453
다사518452
다사510458
다사492456
다사490442
다사508441
다사498450
다사490453
다사514445
다사535428
다사523457
다사492438
다사513463
다사542440
다사499446
다사503452
다사500456
다사527454
다사518441
다사528453
다사531429
다사537427
다사514449
다사526457
다사515462
다사477432
다사499442
다사499450
다사490451
다사520455
다사481435
다사518447
다사493445
다사490456
다사528430
다사509446
다사491446
다사502455
다사526433
다사489443
다사502445
다사504447
다사534451
다사502450
다사501447
다사500460
다사504455
다사524441
다사529452
다사530453
다사504461
다사539423
다사517440
다사509444
다사515450
다사497455
다사500453
다사533435
다사495460
다사530435
다사521449
다사496442
다사494441
다사499453
다사517460
다사477434
다사498444
다사521447
다사493446
다사510456
다사507445
다사516446
다사502461
다사512440
다사490443
다사530454
다사492440
다사539440
다사518437
다사498441
다사501459
다사510449
다사535436
다사494444
다사530436
다사502446
다사497439
다사478433
다사489446
다사518454
다사524432
다사505443
다사529427
다사490445
다사522459
다사526435
다사541426
다사496446
다사527453
다사496459
다사524436
다사520445
다사539420
다사536432
다사531451
다사513460
다사524457
다사495447
다사505452
다사495449
다사504441
다사518458
다사533451
다사501445
다사511457
다사513457
다사498439
다사518457
다사534424
다사532452
다사501439
다사538439
다사531420
다사536437
다사520440
다사509451
다사500454
다사522447
다사509462
다사525434
다사516439
다사520451
다사506441
다사524453
다사508458
다사493444
다사537437
다사507458
다사506457
다사514443
다사524448
다사509452
다사501458
다사516456
다사512449
다사496460
다사491449
다사517448
다사522451
다사502448
다사509460
다사529437
다사536425
다사541431
다사491456
다사541433
다사476433
다사499439
다사531438
다사509456
다사519445
다사521458
다사516452
다사525447
다사494460
다사492443
다사536436
다사491445
다사506462
다사508456
다사519444
다사515447
다사478435
다사496445
다사537424
다사489441
다사492454
다사542435
다사535424
다사496443
다사533431
다사529454
다사477431
다사498443
다사499443
다사504442
다사530429
다사475433
다사478438
다사515453
다사505455
다사513447
다사510457
다사542442
다사476436
다사511458
다사479432
다사501441
다사531433
다사510442
다사480438
다사531435
다사541425
다사499460
다사507456
다사504454
다사506450
다사516436
다사504460
다사505451
다사511448
다사512456
다사518453
다사519439
다사522446
다사493448
다사502441
다사533427
다사480439
다사502449
다사531431
다사498454
다사532421
다사495456
다사534428
다사496456
다사513454
다사539438
다사505462
다사518448
다사513456
다사518455
다사498449
다사505445
다사509440
다사501442
다사540440
다사490450
다사519441
다사539437
다사538427
다사533452
다사530434
다사517449
다사537428
다사537423
다사533432
다사512461
다사490452
다사539425
다사534452
다사537429
다사513446
다사478436
다사519455
다사518456
다사540427
다사506459
다사511454
다사520460
다사517455
다사516438
다사496461
다사507442
다사530426
다사533421
다사518436
다사528454
다사540432
다사526456
다사531453
다사534422
다사508462
다사533426
다사536431
다사494446
다사534435
다사534433
다사507440
다사503447
다사513445
다사521439
다사492449
다사542436
다사499451
다사524454
다사497454
다사513452
다사539422
다사503441
다사502458
다사525448
다사479434
다사529429
다사493449
다사508447
다사529431
다사521454
다사515448
다사514450
다사530451
다사504446
다사480440
다사505442
다사517445
다사507446
다사500459
다사518438
다사529425
다사513441
다사494450
다사519437
다사489452
다사507451
다사505450
다사536422
다사508445
다사533429
다사503440
다사480433
다사474431
다사497459
다사480436
다사541423
다사541444
다사479433
다사504440
다사498458
다사490446
다사497441
다사519446
다사493441
다사529438
다사475430
다사491442
다사520453
다사532451
다사491455
다사493460
다사509459
다사510450
다사511452
다사507459
다사538433
다사540444
다사503458
다사530425
다사504444
다사519459
다사494449
다사504452
다사514461
다사541434
다사505449
다사508444
다사539426
다사533422
다사520449
다사531454
다사502457
다사494462
다사513440
다사500448
다사538438
다사501461
다사501443
다사475432
다사533433
다사492447
다사508450
다사541430
다사540426
다사528433
다사493450
다사498445
다사523456
다사497453
다사497448
다사501448
다사494456
다사533428
다사509458
다사493440
다사539427
다사481440
다사496447
다사512450
다사534423
다사526448
다사536438
다사493459
다사532430
다사500442
다사504445
다사505457
다사479440
다사498455
다사507448
다사478437
다사473430
다사529455
다사519440
다사524452
다사493456
다사497460
다사513451
다사481441
다사498460
다사523441
다사496450
다사528455
다사473431
다사530427
다사503451
다사524433
다사520443
다사516451
다사500441
다사511460
다사532428
다사534431
다사540425
다사508452
다사497456
다사526455
다사477433
다사509454
다사515441
다사480441
다사508460
다사500439
다사508446
다사519454
다사522458
다사540436
다사508455
다사482442
다사490436
다사509457
다사490438
다사515438
다사527425
다사539444
다사489435
다사487441
다사532448
다사528425
다사510440
다사524440
다사484435
다사509439
다사536429
다사523461
다사535438
다사493464
다사519443
다사534450
다사508463
다사504463
다사511462
다사537448
다사536445
다사526446
다사525446
다사518451
다사527436
다사533450
다사531419
다사487438
다사529439
다사529423
다사526458
다사536450
다사534443
다사473432
다사479431
다사516437
다사537444
다사527445
다사494463
다사535453
다사507439
다사493454
다사523449
다사540453
다사512465
다사524426
다사521452
다사519447
다사520462
다사543445
다사497463
다사490435
다사528442
다사532456
다사527446
다사503438
다사482436
다사518443
다사482443
다사522462
다사542444
다사521453
다사498461
다사512462
다사510447
다사527444
다사525441
다사521459
다사527441
다사507463
다사507464
다사496454
다사533445
다사529443
다사491460
다사524445
다사535433
다사513459
다사537451
다사501462
다사489449
다사536452
다사511440
다사536447
다사529441
다사541439
다사534444
다사494451
다사534449
다사493453
다사517461
다사489440
다사534447
다사506439
다사501464
다사486441
다사539450
다사485443
다사519463
다사516464
다사526438
다사517463
다사517462
다사537443
다사540452
다사525439
다사514464
다사503439
다사532450
다사532441
다사523446
다사523437
다사542443
다사530447
다사516458
다사522443
다사493452
다사510463
다사509463
다사474434
다사536454
다사531442
다사504443
다사513438
다사534438
다사523428
다사526443
다사531455
다사522439
다사528423
다사540448
다사511463
다사524458
다사514466
다사531439
다사489438
다사530439
다사529422
다사486437
다사495463
다사528422
다사543443
다사528440
다사495452
다사481437
다사536446
다사537449
다사544446
다사522452
다사499461
다사523429
다사495453
다사535445
다사528447
다사539447
다사535441
다사538445
다사527424
다사534441
다사542445
다사531444
다사528429
다사486435
다사499455
다사531443
다사525440
다사535447
다사528449
다사533439
다사495455
다사510446
다사535451
다사521442
다사524429
다사527442
다사536442
다사540451
다사525449
다사486436
다사526440
다사539442
다사519449
다사542438
다사539449
다사543446
다사487436
다사527438
다사530433
다사525460
다사538443
다사516465
다사491440
다사496455
다사529440
다사529446
다사496463
다사483436
다사509465
다사485436
다사543448
다사497452
다사525430
다사541420
다사485442
다사489437
다사533444
다사534439
다사487440
다사533443
다사488448
다사532447
다사485439
다사484440
다사493457
다사488449
다사483439
다사504464
다사533446
다사539453
다사528439
다사523454
다사527428
다사526439
다사535444
다사488451
다사529445
다사533440
다사480432
다사532445
다사506464
다사528434
다사494454
다사531441
다사527437
다사490449
다사538448
다사508439
다사518449
다사535442
다사538450
다사530443
다사529456
다사481443
다사523448
다사519442
다사489454
다사540447
다사510464
다사520452
다사518464
다사516459
다사530457
다사495461
다사528424
다사511464
다사515464
다사490440
다사528445
다사472430
다사511465
다사500462
다사525425
다사501438
다사528436
다사530446
다사529448
다사484439
다사523435
다사483435
다사536449
다사533454
다사539446
다사505438
다사501437
다사541421
다사532438
다사538452
다사520442
다사488438
다사527427
다사486443
다사498462
다사539443
다사494452
다사533438
다사541438
다사518463
다사526442
다사483438
다사539452
다사530445
다사535448
다사513464
다사488439
다사483437
다사507465
다사533447
다사528446
다사513439
다사535454
다사477438
다사545446
다사520447
다사534448
다사535446
다사537446
다사505464
다사487439
다사540449
다사514438
다사524449
다사520446
다사533442
다사484436
다사539448
다사525428
다사514465
다사537445
다사528441
다사490439
다사498464
다사537442
다사484441
다사526424
다사511441
다사524460
다사529421
다사524443
다사531445
다사542429
다사530455
다사530441
다사531450
다사487437
다사540420
다사497451
다사487447
다사524442
다사527448
다사509464
다사529435
다사500464
다사530440
다사527457
다사526431
다사487446
다사497464
다사537452
다사505463
다사523434
다사521443
다사476437
다사525427
다사534454
다사527435
다사540438
다사534419
다사501463
다사526426
다사533455
다사532455
다사537453
다사486439
다사485440
다사533449
다사522445
다사532442
다사530448
다사530450
다사524439
다사482434
다사536448
다사488436
다사522449
다사515465
다사493451
다사544447
다사520450
다사495451
다사517453
다사532446
다사526444
다사505441
다사488441
다사502462
다사494455
다사526425
다사544444
다사528435
다사543444
다사530420
다사477430
다사538449
다사496452
다사522442
다사539445
다사480431
다사533448
다사529447
다사526428
다사526427
다사536444
다사492437
다사507438
다사503464
다사516462
다사496453
다사511447
다사534455
다사492453
다사525445
다사527440
다사525426
다사479442
다사541437
다사499463
다사510462
다사522461
다사506438
다사488440
다사524430
다사516463
다사507462
다사520437
다사489436
다사515437
다사484438
다사500438
다사536440
다사542437
다사537454
다사505440
다사532444
다사499462
다사483434
다사542428
다사512439
다사538453
다사485437
다사523460
다사542448
다사491459
다사491438
다사521445
다사525429
다사523427
다사531449
다사524428
다사535452
다사519448
다사528437
다사493463
다사484437
다사524461
다사534440
다사502437
다사485438
다사485435
다사542433
다사485441
다사538451
다사511439
다사541448
다사506440
다사512464
다사512438
다사516457
다사518462
다사504439
다사508464
다사532449
다사539451
다사488437
다사510439
다사493461
다사538442
다사537440
다사529444
다사522450
다사515463
다사481432
다사523447
다사494464
다사526432
다사498463
다사530449
다사521460
다사472431
다사505439
다사506465
다사528444
다사534446
다사532439
다사518442
다사504462
다사542430
다사544445
다사513465
다사486442
다사482433
다사531440
다사523442
다사502463
다사530456
다사530442
다사518450
다사525431
다사497462
다사536443
다사529436
다사516453
다사491439
다사512463
다사531447
다사487442
다사479441
다사493455
다사508438
다사542431
다사541446
다사510465
다사527439
다사538444
다사519450
다사494440
다사533441
다사490457
다사525458
다사488435
다사494453
다사489453
다사513461
다사526459
다사522441
다사526445
다사527458
다사528458
다사489448
다사536453
다사536441
다사524446
다사486440
다사536451
다사529442
다사476430
다사527423
다사478440
다사532440
다사519462
다사519451
다사527447
다사500463
다사537441
다사540441
다사523443
다사542446
다사537447
다사523439
다사540446
다사512466
다사538420
다사519464
다사537450
다사525438
다사524427
다사535443
다사530444
다사541449
다사495454
다사534445
다사538447
다사525457
다사526441
다사542432
다사542427
다사504438
다사534453
다사531456
다사496451
다사502464
다사521461
다사490448
다사528456
다사522444
다사499464
다사535450
다사525443
다사531446
다사527430
다사517464
다사528457
다사524459
다사525459
다사535449
다사486444
다사521462
다사525432
다사511446
다사531448
다사523436
다사517456
다사534442
다사543447
다사526423
다사540450
다사542447
다사541445
다사486438
다사526429
다사541447
다사533437
다사529457
다사523445
다사489439
다사532443
다사516461
다사527429
다사513466
다사491436
다사520461
다사508465
다사520463
다사529449
다사522460
다사514439
다사528443
다사494457
다사540445
다사535440
다사525442
다사527443
다사528448
다사518461
다사609556
다사624528
다사625528
다사616520
다사615519
다사612519
다사613561
다사587531
다사609543
다사617542
다사601540
다사616540
다사604521
다사606546
다사600540
다사594529
다사609519
다사617518
다사592538
다사615550
다사584528
다사616517
다사586528
다사608553
다사606519
다사597543
다사595541
다사587541
다사620539
다사600537
다사604528
다사610523
다사611549
다사593539
다사604524
다사608551
다사619521
다사615523
다사599531
다사617517
다사602537
다사618517
다사605540
다사622531
다사618554
다사612542
다사620534
다사601542
다사612516
다사624531
다사607535
다사604532
다사585533
다사605548
다사616559
다사591529
다사610515
다사596543
다사581525
다사599540
다사611551
다사608547
다사606535
다사611516
다사608546
다사607556
다사622517
다사617559
다사598526
다사587539
다사602544
다사603525
다사602529
다사586533
다사618525
다사592536
다사616531
다사591543
다사619544
다사595540
다사621524
다사605535
다사592531
다사586527
다사623534
다사611532
다사605519
다사583529
다사583532
다사620522
다사620559
다사615561
다사609555
다사620515
다사599525
다사592545
다사586529
다사611525
다사590543
다사607536
다사590536
다사621528
다사610555
다사606557
다사618516
다사606531
다사593540
다사617541
다사607549
다사598535
다사606541
다사589544
다사605538
다사619527
다사604529
다사607557
다사602540
다사603521
다사611519
다사619520
다사585537
다사594541
다사604548
다사580525
다사610550
다사589531
다사595545
다사618522
다사594544
다사606536
다사619542
다사608525
다사606526
다사609549
다사620527
다사590541
다사612521
다사621529
다사614554
다사622538
다사619531
다사607544
다사609534
다사620561
다사619515
다사592547
다사591545
다사621521
다사615543
다사615557
다사616562
다사612522
다사583526
다사592533
다사594537
다사614553
다사613551
다사615548
다사619526
다사618556
다사597534
다사602541
다사591527
다사581534
다사600544
다사618536
다사590529
다사593538
다사603536
다사587526
다사613524
다사616539
다사585524
다사602524
다사595527
다사610558
다사617532
다사617516
다사616557
다사621537
다사619518
다사611515
다사584531
다사621538
다사604522
다사615560
다사618532
다사595536
다사594533
다사603531
다사610530
다사608556
다사612561
다사621558
다사620514
다사619556
다사607530
다사604527
다사605539
다사597542
다사621534
다사596544
다사605545
다사602546
다사602532
다사605526
다사603545
다사597529
다사594528
다사592532
다사611534
다사617540
다사591547
다사612515
다사596539
다사618555
다사618537
다사618529
다사625527
다사619536
다사592542
다사609530
다사615551
다사623518
다사604537
다사581526
다사619534
다사600528
다사582529
다사602548
다사582532
다사617553
다사594527
다사619528
다사586540
다사610549
다사579531
다사619543
다사618527
다사618535
다사620558
다사603528
다사607546
다사610543
다사613557
다사614520
다사609545
다사610542
다사615525
다사618542
다사595538
다사595534
다사612532
다사610532
다사597539
다사610557
다사601526
다사596545
다사591541
다사612560
다사613537
다사615546
다사616524
다사623533
다사613516
다사625523
다사590542
다사605520
다사608534
다사579532
다사615529
다사583527
다사604549
다사613553
다사617558
다사597531
다사601533
다사612559
다사618546
다사589528
다사595535
다사605533
다사619557
다사607532
다사613543
다사613558
다사591540
다사593529
다사611523
다사594547
다사609524
다사598536
다사618550
다사611537
다사613531
다사586532
다사620560
다사590533
다사604546
다사614546
다사619514
다사581533
다사610545
다사610520
다사610516
다사586535
다사610522
다사579529
다사608518
다사588525
다사613515
다사605544
다사587524
다사604538
다사593541
다사623532
다사591528
다사623531
다사609529
다사613547
다사619530
다사610529
다사604535
다사600529
다사599527
다사603529
다사607537
다사588534
다사617533
다사602543
다사615532
다사613520
다사622528
다사618528
다사601545
다사581531
다사615530
다사621559
다사603546
다사620557
다사594535
다사608524
다사596534
다사604544
다사613546
다사618551
다사588532
다사602549
다사602523
다사622532
다사610551
다사610548
다사611543
다사618553
다사618534
다사608521
다사616551
다사619539
다사602525
다사602528
다사611555
다사607547
다사616556
다사621515
다사606539
다사592541
다사611522
다사619533
다사613541
다사606537
다사609542
다사612550
다사608541
다사602542
다사598543
다사620535
다사589532
다사609551
다사605527
다사619535
다사624537
다사611557
다사586534
다사612556
다사601529
다사624536
다사613559
다사598537
다사621518
다사589529
다사607531
다사596528
다사606534
다사588535
다사596529
다사621533
다사616528
다사591536
다사613549
다사603534
다사598528
다사618524
다사608531
다사608533
다사598529
다사590534
다사581535
다사615553
다사608542
다사609541
다사588530
다사586537
다사615515
다사593533
다사618515
다사616547
다사608545
다사621560
다사579530
다사612547
다사595531
다사618539
다사600525
다사613554
다사590547
다사616529
다사610524
다사583531
다사614559
다사623519
다사600548
다사588541
다사612530
다사602550
다사588529
다사615531
다사619524
다사617523
다사619525
다사587534
다사589534
다사609526
다사613519
다사587532
다사580534
다사607521
다사623535
다사622525
다사620519
다사616522
다사617547
다사600532
다사601537
다사589541
다사588528
다사607541
다사617521
다사619538
다사580530
다사583533
다사613550
다사618514
다사600531
다사605549
다사606527
다사597530
다사590544
다사591532
다사598540
다사600526
다사612518
다사592540
다사593537
다사607524
다사603548
다사613536
다사614545
다사617554
다사599546
다사609522
다사582531
다사610535
다사591537
다사624522
다사612528
다사624534
다사617524
다사613542
다사604526
다사597540
다사598538
다사617561
다사616516
다사616515
다사587537
다사593528
다사619517
다사590531
다사615562
다사612529
다사603530
다사607554
다사609546
다사609527
다사617550
다사588540
다사601538
다사617563
다사582536
다사616525
다사614558
다사612541
다사608536
다사601544
다사612531
다사606523
다사596546
다사610531
다사583537
다사596530
다사594551
다사614532
다사611552
다사617525
다사595528
다사590530
다사605543
다사584536
다사599543
다사618519
다사592534
다사622524
다사608519
다사584529
다사595529
다사623536
다사619546
다사618548
다사610556
다사623538
다사603537
다사609557
다사605534
다사622537
다사607539
다사587527
다사589535
다사585536
다사618520
다사605524
다사607540
다사615527
다사601528
다사624533
다사606545
다사620520
다사592535
다사604540
다사616550
다사614548
다사582528
다사602530
다사608520
다사614523
다사609544
다사605537
다사606548
다사616527
다사599544
다사593546
다사615522
다사609518
다사622522
다사605550
다사618543
다사618531
다사617556
다사584526
다사625534
다사616546
다사621516
다사603539
다사593531
다사599529
다사619529
다사597541
다사603549
다사595546
다사595532
다사605536
다사597538
다사622533
다사614551
다사614516
다사622520
다사597536
다사621535
다사588527
다사590540
다사619549
다사620531
다사613560
다사621523
다사609558
다사620538
다사611518
다사623521
다사606549
다사620524
다사594532
다사610527
다사600527
다사617552
다사615521
다사626528
다사615516
다사615554
다사616532
다사579527
다사596537
다사617534
다사602538
다사595544
다사622523
다사601541
다사609535
다사601525
다사583535
다사599536
다사622527
다사609532
다사611529
다사589539
다사614543
다사610521
다사616530
다사588543
다사618533
다사593535
다사598539
다사614547
다사587529
다사605522
다사602526
다사596538
다사623525
다사603532
다사605541
다사621539
다사597537
다사617522
다사603526
다사593542
다사618530
다사600536
다사591535
다사608523
다사599547
다사594530
다사611546
다사616558
다사617519
다사610544
다사608544
다사594540
다사595537
다사617515
다사605525
다사603550
다사597528
다사596541
다사602539
다사600538
다사599532
다사587535
다사593544
다사590538
다사618558
다사601530
다사607553
다사613533
다사602545
다사617539
다사582535
다사606542
다사597527
다사619537
다사592546
다사608522
다사625529
다사580532
다사596533
다사603533
다사616521
다사585529
다사593547
다사620525
다사604534
다사613548
다사612557
다사611545
다사611528
다사590539
다사600533
다사621522
다사625533
다사614521
다사623529
다사585535
다사583536
다사622530
다사592539
다사616526
다사608552
다사620526
다사623524
다사593543
다사608549
다사618547
다사587530
다사600545
다사612526
다사591531
다사614555
다사584527
다사604541
다사610552
다사587525
다사586539
다사594534
다사614541
다사603522
다사610518
다사596542
다사607523
다사613545
다사614542
다사620517
다사613517
다사584530
다사591533
다사618518
다사604545
다사609517
다사620530
다사589530
다사616519
다사607534
다사612540
다사614524
다사584535
다사616533
다사614549
다사581532
다사605531
다사607518
다사605532
다사590532
다사588538
다사593530
다사605530
다사594546
다사604530
다사594531
다사621517
다사611540
다사610517
다사616518
다사582527
다사584537
다사609552
다사613532
다사596535
다사608528
다사607529
다사608527
다사607527
다사624525
다사586531
다사624530
다사604542
다사621527
다사598534
다사606556
다사607555
다사611554
다사607543
다사605542
다사613518
다사620521
다사606550
다사602547
다사580527
다사624535
다사617531
다사607545
다사617527
다사589540
다사622519
다사607528
다사609550
다사604536
다사588537
다사587536
다사591539
다사607542
다사622536
다사604539
다사591542
다사614557
다사590546
다사625524
다사594536
다사621520
다사594539
다사607538
다사600539
다사605523
다사614519
다사612544
다사619519
다사616548
다사621526
다사615556
다사620518
다사614560
다사581529
다사588531
다사593536
다사616549
다사602534
다사594545
다사626527
다사612523
다사590545
다사626529
다사612549
다사609520
다사622534
다사618557
다사589542
다사601539
다사598544
다사607520
다사606540
다사614561
다사603538
다사624526
다사607533
다사598547
다사606532
다사611544
다사618552
다사617543
다사603542
다사614550
다사585538
다사618526
다사620532
다사602533
다사613529
다사591546
다사606538
다사600543
다사610546
다사623528
다사586526
다사608543
다사615526
다사615555
다사616545
다사620528
다사593532
다사589543
다사611533
다사584524
다사611541
다사621536
다사599551
다사617514
다사593545
다사589537
다사609521
다사582525
다사594543
다사622518
다사618521
다사587533
다사589538
다사613522
다사580531
다사612551
다사616552
다사592530
다사610519
다사585528
다사613552
다사587528
다사622516
다사623523
다사625525
다사581530
다사590527
다사602531
다사611526
다사610533
다사605546
다사609528
다사591530
다사614522
다사603540
다사596531
다사611550
다사591544
다사598527
다사608557
다사609548
다사582526
다사614515
다사600530
다사612545
다사600524
다사591534
다사608530
다사584533
다사600547
다사587538
다사601547
다사601531
다사615524
다사618523
다사612543
다사601543
다사604533
다사613523
다사619523
다사606521
다사619559
다사616541
다사596536
다사625530
다사607519
다사589533
다사615547
다사588539
다사610528
다사614552
다사611530
다사586524
다사604523
다사599541
다사612554
다사619555
다사587540
다사611556
다사604547
다사605547
다사585530
다사587542
다사619540
다사608554
다사617551
다사601546
다사603543
다사614517
다사599539
다사608550
다사580528
다사612553
다사586525
다사609547
다사594542
다사613556
다사598530
다사623530
다사625526
다사606544
다사612555
다사615517
다사595533
다사600542
다사588542
다사615549
다사619547
다사624529
다사618549
다사612535
다사610547
다사607548
다사624523
다사582530
다사617557
다사605521
다사593534
다사619516
다사590537
다사603547
다사606555
다사592537
다사616561
다사598542
다사601524
다사611548
다사610534
다사603535
다사590528
다사626526
다사606543
다사585526
다사595543
다사617562
다사614531
다사611521
다사580526
다사616553
다사601527
다사622521
다사623527
다사606525
다사622529
다사599528
다사608548
다사613555
다사615558
다사610526
다사612548
다사617530
다사611531
다사620529
다사588533
다사621530
다사603541
다사595542
다사600541
다사615518
다사614556
다사583528
다사611517
다사623537
다사617549
다사611558
다사585539
다사619522
다사591538
다사602527
다사621531
다사612536
다사624527
다사585527
다사597535
다사606520
다사622526
다사604531
다사606522
다사595547
다사610541
다사585531
다사617528
다사623526
다사608526
다사621525
다사588526
다사606547
다사616554
다사580529
다사617555
다사612520
다사609523
다사595530
다사620533
다사613521
다사620523
다사611527
다사583524
다사607550
다사608532
다사617526
다사594538
다사582533
다사599530
다사603527
다사610525
다사620516
다사592544
다사598525
다사607526
다사606524
다사623522
다사611547
다사624524
다사617529
다사620536
다사603524
다사614518
다사613562
다사609531
다사609525
다사617535
다사620537
다사612534
다사586538
다사617546
다사614562
다사615520
다사579526
다사585534
다사612558
다사604525
다사600546
다사616523
다사584532
다사616560
다사599542
다사611520
다사612527
다사601532
다사609533
다사617560
다사618540
다사616544
다사616555
다사613544
다사607525
다사615552
다사603523
다사595539
다사596540
다사592543
다사612546
다사608529
다사581527
다사622535
다사612517
다사590535
다사608555
다사611542
다사619532
다사599526
다사612552
다사586530
다사616514
다사617520
다사586536
다사579528
다사606533
다사585525
다사617548
다사614525
다사598541
다사611524
다사615545
다사621519
다사599534
다사626525
다사596553
다사619548
다사598548
다사596547
다사604550
다사614538
다사611559
다사594552
다사614526
다사609536
다사621564
다사580533
다사599533
다사620541
다사584523
다사584538
다사612537
다사618541
다사608558
다사623520
다사620563
다사614539
다사620549
다사619558
다사599537
다사581524
다사604554
다사616542
다사609539
다사603555
다사597532
다사616538
다사620564
다사612562
다사621547
다사615559
다사597550
다사602554
다사622543
다사624518
다사620551
다사620545
다사597551
다사592526
다사616534
다사620544
다사581528
다사614563
다사613514
다사615534
다사620554
다사596550
다사603552
다사609553
다사622558
다사624519
다사604555
다사610536
다사585532
다사613539
다사583530
다사614544
다사609538
다사597526
다사602555
다사601535
다사600550
다사623514
다사601536
다사609515
다사599550
다사621541
다사619562
다사593527
다사596551
다사602553
다사615538
다사619553
다사589525
다사597546
다사597544
다사609540
다사597525
다사618513
다사605557
다사621563
다사624517
다사595552
다사621543
다사616535
다사622514
다사621514
다사614527
다사626522
다사589545
다사627525
다사608538
다사595553
다사621513
다사624532
다사618560
다사596526
다사626520
다사582524
다사610538
다사592548
다사618562
다사593551
다사608537
다사598531
다사626531
다사607517
다사579533
다사601551
다사609537
다사614534
다사626523
다사596552
다사620556
다사614535
다사622515
다사610539
다사621548
다사613534
다사601555
다사618538
다사598549
다사604520
다사613535
다사600552
다사586541
다사602557
다사618565
다사627524
다사604558
다사621557
다사595548
다사597547
다사595526
다사623515
다사625522
다사623517
다사611539
다사621544
다사613528
다사619554
다사619551
다사596527
다사620550
다사619550
다사599552
다사611536
다사621562
다사603553
다사607551
다사596548
다사619552
다사613525
다사619561
다사613526
다사604553
다사619564
다사586523
다사621540
다사616543
다사591526
다사615536
다사583534
다사588524
다사598553
다사625535
다사599553
다사615514
다사611535
다사579534
다사608517
다사617564
다사601553
다사596549
다사614536
다사623516
다사612533
다사620548
다사606553
다사622542
다사601554
다사618564
다사604557
다사597552
다사603554
다사617513
다사624520
다사594550
다사600554
다사620562
다사615535
다사605554
다사618544
다사598546
다사578531
다사606518
다사606528
다사608539
다사617544
다사608516
다사619513
다사622559
다사626533
다사615537
다사600535
다사619566
다사601549
다사598532
다사619541
다사614528
다사627526
다사621512
다사616563
다사595550
다사600553
다사599545
다사597533
다사605553
다사602552
다사618561
다사592527
다사601552
다사625536
다사620540
다사617538
다사620555
다사615544
다사603551
다사615539
다사621556
다사609516
다사600551
다사611553
다사604551
다사605551
다사615563
다사601550
다사626532
다사603557
다사620513
다사611538
다사610553
다사601523
다사618563
다사605555
다사597549
다사626524
다사610537
다사620547
다사622556
다사614530
다사602522
다사621532
다사624521
다사607552
다사614529
다사589526
다사599535
다사612514
다사601548
다사613530
다사614533
다사622560
다사606558
다사625532
다사604543
다사626534
다사615540
다사606552
다사606551
다사615528
다사592529
다사621542
다사580524
다사610540
다사612525
다사612538
다사598533
다사617537
다사606554
다사602551
다사584525
다사621561
다사607558
다사618559
다사596532
다사601534
다사612539
다사578530
다사612524
다사622513
다사625531
다사589527
다사604552
다사595549
다사625521
다사615542
다사622539
다사613540
다사620546
다사618545
다사617536
다사619545
다사592528
다사622561
다사598545
다사593548
다사605552
다사588536
다사603544
다사599524
다사605556
다사594548
다사595551
다사614514
다사606529
다사620542
다사584534
다사602535
다사625520
다사622540
다사605529
다사614537
다사622512
다사579525
다사613538
다사599538
다사606530
다사621555
다사602556
다사613527
다사608535
다사603558
다사626521
다사603556
다사602536
다사622541
다사620565
다사599549
다사578532
다사626530
다사617545
다사598552
다사597553
다사597548
다사619563
다사625519
다사597545
다사604556
다사614540
다사589536
다사619560
다사622557
다사593550
다사607522
다사600549
다사627523
다사593549
다사600534
다사616536
다사590526
다사585540
다사615541
다사583525
다사598550
다사616537
다사585523
다사621565
다사582534
다사599548
다사611560
다사605528
다사609554
다사620543
다사610554
다사594549
다사623539
다사615533
다사598551
다사608540
다사585651
다사594644
다사599615
다사593608
다사591623
다사596628
다사585609
다사572617
다사588604
다사582614
다사585644
다사589601
다사595596
다사579620
다사597622
다사572622
다사593610
다사578622
다사584609
다사578621
다사593625
다사595634
다사602640
다사571613
다사594596
다사595655
다사595601
다사597642
다사593615
다사591624
다사602643
다사578655
다사595623
다사589616
다사585620
다사591636
다사590630
다사595619
다사600639
다사583611
다사586628
다사602622
다사580615
다사587625
다사587608
다사577615
다사582620
다사586608
다사597648
다사600631
다사601651
다사594613
다사599650
다사601623
다사594633
다사599607
다사594646
다사580613
다사592597
다사599632
다사583655
다사587611
다사599641
다사584627
다사596594
다사599634
다사595629
다사597649
다사576661
다사596601
다사571614
다사585618
다사599649
다사577625
다사580620
다사596635
다사597630
다사595597
다사588614
다사583614
다사579615
다사588602
다사584623
다사594617
다사597636
다사588613
다사594615
다사597611
다사585605
다사599653
다사579623
다사586632
다사590602
다사579621
다사570619
다사577620
다사593593
다사588633
다사592616
다사592634
다사588630
다사589620
다사593627
다사587630
다사587607
다사594608
다사595612
다사578623
다사591610
다사585626
다사602624
다사596648
다사595622
다사598638
다사591627
다사596632
다사574622
다사590620
다사606603
다사590608
다사583641
다사588609
다사591615
다사596613
다사584622
다사601652
다사605607
다사605609
다사587606
다사576627
다사587636
다사592613
다사593594
다사591604
다사595613
다사596618
다사600654
다사572625
다사595621
다사597638
다사579610
다사589625
다사592632
다사601646
다사588652
다사596609
다사601638
다사602646
다사594599
다사600628
다사586621
다사595632
다사582627
다사585629
다사596623
다사596655
다사573616
다사594628
다사595593
다사597660
다사600636
다사601636
다사596650
다사586610
다사588623
다사580611
다사592620
다사593624
다사582608
다사572619
다사583622
다사596600
다사574621
다사599633
다사599629
다사598642
다사579617
다사596624
다사599646
다사579622
다사595638
다사602641
다사596596
다사599620
다사601618
다사585615
다사590633
다사573618
다사583628
다사593645
다사599626
다사593634
다사601654
다사588610
다사592607
다사598650
다사592605
다사594627
다사598647
다사586629
다사602648
다사603614
다사572623
다사573617
다사584625
다사590606
다사588628
다사600622
다사602615
다사573623
다사571618
다사577627
다사600619
다사578626
다사592606
다사594614
다사592621
다사586625
다사590654
다사594651
다사594625
다사578656
다사586635
다사598606
다사586634
다사589606
다사582628
다사588626
다사600624
다사587621
다사592598
다사600653
다사578627
다사592644
다사600626
다사586631
다사601605
다사582607
다사587618
다사581623
다사586613
다사595602
다사579612
다사602621
다사590632
다사578620
다사581609
다사593618
다사594656
다사595657
다사589618
다사595635
다사586627
다사599611
다사585610
다사595608
다사586659
다사596629
다사573619
다사587622
다사599614
다사593644
다사597620
다사601635
다사599648
다사601625
다사597612
다사589604
다사585621
다사598618
다사600621
다사572621
다사575667
다사589629
다사570618
다사570663
다사593631
다사601645
다사575664
다사591617
다사590645
다사597650
다사596630
다사570615
다사601640
다사601650
다사584613
다사571615
다사580623
다사587605
다사594626
다사602613
다사585622
다사596602
다사591620
다사601619
다사577624
다사596638
다사595627
다사596646
다사579624
다사578611
다사590607
다사591635
다사571617
다사572618
다사580616
다사589609
다사585613
다사592624
다사591616
다사597633
다사598634
다사596593
다사601641
다사580609
다사590601
다사602642
다사598608
다사582613
다사599644
다사583609
다사599622
다사601653
다사595609
다사594632
다사596644
다사591625
다사599640
다사591612
다사590622
다사601606
다사583610
다사598643
다사602651
다사594601
다사595617
다사578613
다사593628
다사571620
다사600606
다사603612
다사585634
다사597647
다사596639
다사590600
다사604609
다사593635
다사599651
다사598637
다사598655
다사596610
다사570614
다사570616
다사599613
다사593595
다사596608
다사591621
다사596595
다사586615
다사587612
다사601612
다사600625
다사588612
다사598649
다사581612
다사597613
다사580625
다사601610
다사576625
다사594620
다사588622
다사582625
다사590599
다사598613
다사599630
다사596651
다사593622
다사579625
다사582610
다사594658
다사605606
다사599627
다사593620
다사586633
다사594624
다사596643
다사585612
다사601620
다사590623
다사591602
다사594602
다사589605
다사587610
다사591600
다사600615
다사593598
다사579614
다사603615
다사587628
다사592612
다사576623
다사599642
다사606607
다사588616
다사595652
다사600641
다사605615
다사579611
다사597635
다사599645
다사588606
다사597654
다사594616
다사590644
다사588627
다사598645
다사586605
다사602629
다사586619
다사590617
다사578614
다사578617
다사593603
다사575618
다사583620
다사596662
다사600607
다사573611
다사606606
다사588611
다사581611
다사581620
다사598627
다사593623
다사591598
다사595624
다사589631
다사572620
다사599625
다사602609
다사588635
다사595594
다사604650
다사596636
다사578615
다사605612
다사600623
다사590612
다사586643
다사572613
다사600642
다사601608
다사595625
다사598652
다사593604
다사596641
다사599643
다사594619
다사601615
다사598629
다사597643
다사600616
다사598620
다사601631
다사590618
다사599623
다사582622
다사583642
다사595600
다사601648
다사594598
다사601634
다사582623
다사592619
다사595651
다사604611
다사584626
다사594604
다사596631
다사597610
다사585607
다사588632
다사594600
다사597652
다사602650
다사587631
다사598631
다사596598
다사590628
다사592630
다사591599
다사591629
다사574619
다사592611
다사605613
다사593632
다사598651
다사571621
다사596657
다사589645
다사606608
다사592623
다사597624
다사601624
다사580621
다사587615
다사590598
다사597626
다사599624
다사599652
다사605604
다사587634
다사592625
다사583608
다사592631
다사595598
다사597616
다사575622
다사584624
다사595595
다사596611
다사577623
다사576624
다사589614
다사593630
다사589612
다사594593
다사601626
다사575616
다사587619
다사573622
다사590613
다사598633
다사586618
다사589626
다사588605
다사594652
다사577626
다사593616
다사597641
다사578619
다사583621
다사596614
다사590609
다사602652
다사598648
다사575620
다사592617
다사596612
다사596637
다사580612
다사602628
다사587620
다사600652
다사596633
다사578642
다사595631
다사595645
다사590635
다사571619
다사590621
다사594630
다사572612
다사599616
다사595626
다사591613
다사592615
다사601609
다사575611
다사592618
다사593611
다사596640
다사579627
다사594634
다사603610
다사596620
다사598628
다사600638
다사600637
다사604617
다사584610
다사589632
다사598659
다사591603
다사578610
다사592627
다사582611
다사591611
다사591614
다사573612
다사584628
다사587613
다사592609
다사598625
다사594639
다사595599
다사588629
다사599617
다사583626
다사570617
다사585623
다사593602
다사603623
다사603611
다사601611
다사576612
다사605605
다사587614
다사594607
다사602623
다사594637
다사588621
다사588634
다사583619
다사586623
다사584619
다사598611
다사586620
다사581610
다사594631
다사591606
다사593637
다사600632
다사600635
다사602611
다사577612
다사601622
다사606605
다사575612
다사593597
다사598639
다사601649
다사574617
다사590614
다사595636
다사597618
다사588645
다사593656
다사596597
다사599618
다사585625
다사602616
다사596634
다사571622
다사593609
다사591628
다사594635
다사577621
다사592599
다사598622
다사589608
다사594605
다사591630
다사603624
다사588603
다사603613
다사603625
다사603648
다사595604
다사579613
다사605614
다사593617
다사596645
다사602608
다사602619
다사585632
다사593626
다사573620
다사602614
다사587626
다사603649
다사595658
다사590610
다사593638
다사586606
다사597609
다사590615
다사598615
다사600612
다사595610
다사586626
다사587604
다사591626
다사595628
다사597607
다사596616
다사601630
다사597608
다사577614
다사582621
다사584606
다사589611
다사583612
다사595653
다사589613
다사595618
다사599636
다사597651
다사591622
다사593653
다사583629
다사591609
다사595644
다사594595
다사596619
다사600613
다사596622
다사590625
다사601637
다사601621
다사597646
다사575624
다사585611
다사586614
다사574616
다사584611
다사595615
다사597619
다사602625
다사602630
다사586636
다사599612
다사590624
다사586624
다사593633
다사597644
다사584612
다사593601
다사589633
다사585631
다사584645
다사592595
다사593629
다사601642
다사604615
다사581625
다사582612
다사578616
다사601647
다사573621
다사588625
다사596621
다사597595
다사600646
다사592633
다사587627
다사590646
다사593614
다사601629
다사574618
다사580614
다사588619
다사598653
다사602649
다사590603
다사593639
다사598610
다사586622
다사584618
다사605608
다사596658
다사600649
다사591607
다사592626
다사596607
다사589607
다사597617
다사597655
다사599655
다사583625
다사574620
다사581642
다사581653
다사593605
다사580624
다사595654
다사592608
다사591646
다사603644
다사580610
다사595603
다사576611
다사589602
다사595633
다사604612
다사581613
다사576617
다사589622
다사594636
다사602644
다사597634
다사596652
다사594638
다사584614
다사589617
다사598619
다사598646
다사601613
다사572624
다사599638
다사575617
다사584634
다사587624
다사597639
다사586642
다사587635
다사590631
다사588615
다사593619
다사595620
다사593596
다사598616
다사599619
다사600647
다사595630
다사591631
다사592614
다사593607
다사594603
다사597631
다사593599
다사581622
다사597640
다사592596
다사594622
다사595616
다사600630
다사590627
다사599639
다사594645
다사584620
다사581621
다사596649
다사602626
다사590605
다사599647
다사592603
다사590611
다사587633
다사597632
다사591608
다사603650
다사596617
다사586607
다사582609
다사585608
다사585606
다사591601
다사581608
다사598617
다사591634
다사593646
다사585624
다사589600
다사596642
다사598641
다사589621
다사590629
다사592622
다사594597
다사601639
다사584621
다사587629
다사589630
다사591605
다사586609
다사592628
다사595637
다사584633
다사585635
다사594657
다사596615
다사602607
다사599628
다사588607
다사589610
다사592610
다사589623
다사601628
다사593600
다사594629
다사582624
다사597653
다사592645
다사595646
다사600617
다사600648
다사592600
다사603608
다사588631
다사598621
다사589628
다사594623
다사605611
다사585633
다사604608
다사589627
다사594653
다사577611
다사597637
다사574611
다사591645
다사583624
다사600629
다사578625
다사580622
다사598636
다사602610
다사598632
다사589619
다사597625
다사587623
다사571623
다사590626
다사595643
다사586612
다사589603
다사591644
다사598612
다사585628
다사577613
다사581614
다사600651
다사590634
다사593621
다사578612
다사583607
다사591633
다사598630
다사598644
다사598609
다사600620
다사585645
다사583627
다사588620
다사592629
다사600634
다사594606
다사597621
다사591619
다사586611
다사587609
다사588644
다사594621
다사592602
다사590604
다사597594
다사600640
다사591618
다사593606
다사596654
다사602654
다사599631
다사602620
다사589642
다사576622
다사594594
다사594618
다사573624
다사579616
다사606609
다사570613
다사587632
다사598635
다사601632
다사591632
다사598640
다사580626
다사592601
다사592604
다사603616
다사593636
다사596599
다사599621
다사590616
다사589624
다사595656
다사596625
다사600645
다사585614
다사589599
다사575619
다사588608
다사597645
다사602647
다사589615
다사599637
다사581637
다사565659
다사604616
다사588617
다사574646
다사575639
다사589648
다사575637
다사582633
다사581633
다사602657
다사590658
다사566648
다사574662
다사590655
다사597605
다사570658
다사579656
다사575659
다사580666
다사587646
다사582641
다사590637
다사582638
다사583656
다사571612
다사589598
다사587638
다사579643
다사581628
다사587653
다사590651
다사567663
다사603627
다사568649
다사584615
다사575635
다사580642
다사567659
다사578648
다사576615
다사602659
다사573641
다사602660
다사607610
다사567650
다사600657
다사567664
다사584647
다사574626
다사576667
다사591643
다사579638
다사603653
다사572649
다사579630
다사584650
다사582635
다사600618
다사573644
다사571644
다사580645
다사581664
다사591654
다사566646
다사583657
다사572627
다사579635
다사584663
다사575634
다사603654
다사581619
다사578629
다사570666
다사581647
다사583652
다사575628
다사601658
다사576639
다사583644
다사570642
다사588636
다사597593
다사581655
다사585655
다사588642
다사598660
다사593661
다사605617
다사583664
다사582618
다사580658
다사580652
다사568660
다사588637
다사575652
다사595591
다사569664
다사576634
다사593647
다사579632
다사577634
다사582660
다사570655
다사581641
다사567651
다사572662
다사580640
다사602631
다사597615
다사570661
다사587647
다사570659
다사580667
다사587652
다사599609
다사592658
다사590638
다사596653
다사587651
다사569661
다사588650
다사585637
다사591640
다사580665
다사604628
다사593641
다사574625
다사573631
다사600603
다사572650
다사576637
다사601614
다사568655
다사573653
다사581631
다사599656
다사601643
다사582651
다사576641
다사572615
다사589649
다사575626
다사588641
다사573645
다사598605
다사571655
다사571659
다사585662
다사581658
다사576646
다사579662
다사584639
다사587640
다사577659
다사575648
다사585659
다사581639
다사578651
다사575656
다사598601
다사574665
다사578650
다사603622
다사596660
다사581649
다사595661
다사567658
다사580646
다사587617
다사593592
다사598602
다사574633
다사573628
다사576668
다사581645
다사582667
다사600643
다사580635
다사603609
다사574664
다사596661
다사574666
다사596591
다사573660
다사568653
다사578634
다사573668
다사590659
다사607606
다사589637
다사584668
다사580664
다사589656
다사567647
다사598598
다사606604
다사565658
다사571626
다사582637
다사584640
다사572656
다사593613
다사581638
다사583668
다사595642
다사594654
다사572611
다사579658
다사606613
다사594649
다사600655
다사569648
다사567654
다사606601
다사578630
다사585636
다사590641
다사568663
다사573654
다사584660
다사586654
다사577649
다사604604
다사572645
다사574656
다사584608
다사605618
다사599599
다사584651
다사592637
다사576664
다사574631
다사580618
다사569659
다사604648
다사601661
다사574640
다사586652
다사583635
다사585661
다사574659
다사585648
다사577662
다사570649
다사581661
다사575640
다사579660
다사605623
다사583630
다사597602
다사588659
다사576633
다사600609
다사571660
다사593642
다사574629
다사581666
다사579618
다사589638
다사604647
다사579646
다사574612
다사584646
다사581662
다사579628
다사573650
다사585641
다사593658
다사592639
다사581627
다사603626
다사581667
다사568662
다사595663
다사589640
다사604620
다사595650
다사603617
다사604652
다사566658
다사574660
다사583660
다사572642
다사581651
다사579661
다사606618
다사582626
다사574650
다사583636
다사602603
다사581648
다사578652
다사579642
다사592651
다사604623
다사599604
다사592656
다사594609
다사586645
다사593649
다사576658
다사601657
다사581616
다사600604
다사596626
다사584617
다사577657
다사602605
다사567661
다사599658
다사584631
다사586662
다사579634
다사582662
다사602627
다사569656
다사606620
다사573669
다사569645
다사578643
다사583663
다사607602
다사598626
다사574623
다사583651
다사582668
다사574628
다사588646
다사581665
다사568657
다사572643
다사605621
다사600633
다사575662
다사582654
다사574636
다사573657
다사602617
다사605622
다사582652
다사567652
다사566649
다사597657
다사579633
다사579631
다사603621
다사587654
다사576635
다사588647
다사587660
다사570660
다사588601
다사577619
다사576613
다사584667
다사577643
다사598654
다사599635
다사581640
다사589639
다사571648
다사589635
다사585666
다사593654
다사583617
다사607608
다사605651
다사593659
다사582661
다사573629
다사579641
다사584644
다사573658
다사586647
다사572655
다사596590
다사576616
다사607601
다사572660
다사601633
다사568645
다사584659
다사583646
다사571645
다사577666
다사583606
다사603642
다사578637
다사576643
다사566655
다사583643
다사593648
다사577632
다사572669
다사579636
다사592641
다사598657
다사577642
다사570651
다사576648
다사585660
다사580638
다사590643
다사604625
다사594640
다사572651
다사576645
다사571661
다사581617
다사587642
다사603657
다사606615
다사571656
다사570645
다사574638
다사568658
다사586658
다사591656
다사586641
다사591597
다사576654
다사598624
다사591648
다사599654
다사585663
다사589652
다사603607
다사596647
다사601659
다사571649
다사585654
다사579649
다사573667
다사587644
다사574658
다사584642
다사579629
다사605619
다사590642
다사594642
다사575629
다사573614
다사577638
다사590640
다사595641
다사586630
다사593655
다사594661
다사571664
다사604613
다사591655
다사590639
다사567662
다사580668
다사580643
다사573638
다사578649
다사596603
다사583669
다사578659
다사604614
다사570652
다사568648
다사570653
다사582645
다사597658
다사584655
다사576656
다사602661
다사583613
다사577637
다사575661
다사584637
다사578653
다사575658
다사603645
다사576650
다사584656
다사583631
다사582634
다사602612
다사566660
다사576618
다사578665
다사595640
다사602656
다사576652
다사581607
다사597604
다사606611
다사602655
다사573666
다사593660
다사582615
다사579645
다사603651
다사573647
다사574645
다사572652
다사573626
다사588653
다사596605
다사583667
다사571643
다사604649
다사580627
다사582663
다사566656
다사588638
다사586649
다사589653
다사568652
다사579644
다사591647
다사583616
다사568665
다사568659
다사606612
다사571616
다사569652
다사580629
다사588639
다사592640
다사605616
다사574615
다사605620
다사590636
다사591657
다사608607
다사577654
다사596663
다사569653
다사578628
다사585664
다사603628
다사591637
다사575669
다사592659
다사601644
다사580659
다사584665
다사581657
다사569614
다사600602
다사587648
다사566652
다사597600
다사575642
다사578639
다사580636
다사579639
다사598600
다사584629
다사589659
다사604606
다사577616
다사581652
다사590650
다사573661
다사604605
다사600660
다사586617
다사574643
다사585640
다사583615
다사592642
다사569646
다사582648
다사575650
다사577645
다사571663
다사605650
다사597614
다사575613
다사577646
다사587641
다사579619
다사573630
다사575663
다사597603
다사567653
다사579659
다사600658
다사583647
다사580657
다사572647
다사587639
다사579657
다사586638
다사589651
다사585619
다사581624
다사580654
다사596627
다사573625
다사572628
다사600614
다사578662
다사572640
다사607609
다사572614
다사581656
다사574630
다사582631
다사573651
다사574642
다사597627
다사577652
다사580653
다사580656
다사576647
다사576653
다사579648
다사594650
다사597656
다사571625
다사576638
다사583618
다사588618
다사580655
다사577635
다사581646
다사582642
다사592654
다사583633
다사586616
다사594655
다사584662
다사575645
다사607605
다사577641
다사569647
다사575632
다사605610
다사584636
다사573665
다사572665
다사585643
다사577661
다사574639
다사582665
다사569665
다사579663
다사577639
다사577617
다사580660
다사602638
다사572639
다사579666
다사576619
다사585652
다사580617
다사596659
다사600608
다사591639
다사568650
다사602645
다사571642
다사579637
다사572664
다사585617
다사589647
다사585649
다사571640
다사594612
다사576663
다사575614
다사599659
다사578667
다사577648
다사597598
다사582655
다사607607
다사603655
다사578635
다사595648
다사583661
다사574669
다사601627
다사579667
다사576642
다사601655
다사579654
다사580649
다사583650
다사600601
다사603647
다사573613
다사608608
다사587650
다사598623
다사598596
다사586640
다사606621
다사572659
다사603629
다사590649
다사592660
다사591652
다사592638
다사584661
다사574648
다사586650
다사608609
다사566657
다사588649
다사576666
다사600659
다사571667
다사579640
다사569651
다사578658
다사604626
다사589657
다사570656
다사574661
다사583658
다사572663
다사578636
다사575623
다사571666
다사586639
다사592653
다사593612
다사578641
다사577630
다사578624
다사577622
다사581644
다사595662
다사574647
다사576649
다사571646
다사583653
다사574653
다사573639
다사579655
다사585630
다사585616
다사574657
다사582646
다사585656
다사581636
다사580630
다사578666
다사586660
다사586604
다사599605
다사591649
다사580650
다사580632
다사604618
다사567660
다사587656
다사575665
다사577628
다사577667
다사607603
다사583659
다사575630
다사582643
다사573615
다사592635
다사603618
다사602633
다사582650
다사592643
다사599606
다사582629
다사591650
다사588658
다사580648
다사570662
다사606616
다사604622
다사578640
다사586657
다사569655
다사583662
다사587649
다사577644
다사567656
다사580639
다사574663
다사577669
다사608602
다사579664
다사594662
다사607612
다사577651
다사572667
다사580633
다사591651
다사593651
다사574655
다사582653
다사600627
다사584654
다사584643
다사582644
다사590653
다사566659
다사571652
다사589644
다사574624
다사592646
다사577631
다사603619
다사577629
다사588656
다사593652
다사585638
다사588648
다사600650
다사579626
다사592647
다사574632
다사574667
다사583640
다사598599
다사573643
다사585627
다사600605
다사575643
다사599602
다사595605
다사597606
다사568661
다사578660
다사587616
다사581660
다사588643
다사595607
다사578638
다사572648
다사578633
다사566654
다사597599
다사581635
다사580651
다사578661
다사599600
다사589634
다사570646
다사569660
다사577655
다사567657
다사572658
다사605603
다사587602
다사584666
다사599598
다사585642
다사590619
다사571662
다사571657
다사604621
다사577640
다사571650
다사607611
다사583645
다사573648
다사586653
다사584638
다사573632
다사575636
다사586655
다사575646
다사598614
다사581618
다사592657
다사602632
다사570664
다사570643
다사584649
다사570647
다사576644
다사594611
다사583654
다사582647
다사574654
다사582617
다사588600
다사601617
다사587659
다사584653
다사583648
다사574641
다사577647
다사603606
다사580628
다사586661
다사589646
다사574614
다사580634
다사576630
다사575625
다사587658
다사592652
다사577656
다사583623
다사577658
다사580644
다사582640
다사582664
다사585653
다사570650
다사588655
다사592655
다사606619
다사595639
다사579653
다사572630
다사568646
다사574649
다사584630
다사598595
다사575660
다사575627
다사596656
다사577668
다사583666
다사593640
다사577665
다사568647
다사601656
다사567648
다사585658
다사584607
다사582619
다사585639
다사582636
다사595649
다사589658
다사575666
다사591642
다사585604
다사601616
다사575654
다사570648
다사572668
다사573640
다사576629
다사571653
다사568664
다사569654
다사604646
다사566650
다사576632
다사566651
다사590647
다사584605
다사575651
다사567655
다사592648
다사572654
다사594647
다사573646
다사579665
다사576626
다사575649
다사583638
다사577650
다사570644
다사575641
다사572666
다사578631
다사569663
다사590652
다사575638
다사582657
다사599610
다사578654
다사573664
다사603630
다사586648
다사584658
다사591641
다사586644
다사580661
다사587645
다사604610
다사598607
다사584657
다사581643
다사567646
다사583632
다사590657
다사569644
다사578618
다사603643
다사594592
다사602658
다사576621
다사573642
다사606610
다사580641
다사591653
다사597596
다사595611
다사585657
다사599608
다사603652
다사575631
다사577660
다사584616
다사578644
다사589650
다사600600
다사582659
다사582656
다사576669
다사602604
다사572629
다사576620
다사581663
다사574652
다사592594
다사604627
다사604619
다사581659
다사585667
다사576655
다사597628
다사600644
다사604645
다사594648
다사603646
다사596606
다사569658
다사604651
다사584632
다사576636
다사569650
다사603620
다사573662
다사606614
다사577663
다사579652
다사588657
다사599657
다사568654
다사587603
다사601604
다사578663
다사595647
다사572641
다사591660
다사583649
다사591659
다사573652
다사595592
다사572661
다사571658
다사579651
다사595659
다사594610
다사576665
다사601607
다사576659
다사587637
다사594641
다사571647
다사593657
다사597597
다사608606
다사571624
다사586651
다사592650
다사591638
다사606602
다사582630
다사570620
다사602653
다사579647
다사566653
다사574627
다사574637
다사598603
다사567645
다사573637
다사583637
다사592636
다사574635
다사569662
다사584648
다사598597
다사596604
다사607604
다사580662
다사575621
다사600611
다사569657
다사591658
다사575615
다사589654
다사569649
다사581654
다사588651
다사588624
다사570657
다사576631
다사577664
다사597601
다사595606
다사568656
다사599601
다사584641
다사582649
다사597659
다사585650
다사573649
다사590656
다사578664
다사584652
다사582639
다사597661
다사587655
다사584664
다사573663
다사575657
다사578647
다사571651
다사575633
다사575644
다사576651
다사581615
다사570665
다사581626
다사588654
다사587643
다사604624
다사604607
다사582632
다사594659
다사597629
다사601660
다사572657
다사571641
다사577653
다사603605
다사566647
다사582666
다사589636
다사587657
다사593643
다사596592
다사573627
다사576640
다사579650
다사597662
다사592649
다사581629
다사589655
다사586646
다사590648
다사597623
다사588640
다사594660
다사603658
다사578657
다사599603
다사576662
다사574644
다사578645
다사594643
다사580619
다사605602
다사595660
다사602606
다사580631
다사581632
다사598656
다사606617
다사574651
다사583634
다사585665
다사601603
다사572644
다사569615
다사576657
다사584635
다사573656
다사580663
다사586656
다사589643
다사576614
다사583639
다사577636
다사571665
다사575668
다사593650
다사578646
다사572653
다사582616
다사568651
다사567649
다사601602
다사579668
다사574668
다사586637
다사598658
다사595614
다사571654
다사577633
다사589641
다사574613
다사573655
다사578668
다사598604
다사580647
다사572616
다사575647
다사582658
다사583665
다사603656
다사573659
다사570654
다사585646
다사580637
다사585647
다사602639
다사600610
다사577618
다사602618
다사575655
다사570621
다사581630
다사572646
다사575653
다사572631
다사581634
다사578632
다사581650
다사600656
다사576660
다사576628
다사613614
다사615630
다사620589
다사625635
다사634636
다사612633
다사621590
다사627613
다사628587
다사631632
다사630609
다사616630
다사617610
다사597591
다사636602
다사632606
다사629585
다사605646
다사625596
다사627578
다사625590
다사625608
다사628637
다사608626
다사627620
다사637606
다사604594
다사606636
다사608612
다사623628
다사608624
다사617615
다사600588
다사619586
다사617619
다사611580
다사612598
다사638605
다사610647
다사625610
다사632582
다사603594
다사635604
다사612581
다사610642
다사604583
다사625589
다사613639
다사633612
다사616594
다사605653
다사620624
다사631635
다사612611
다사617594
다사610608
다사619595
다사636582
다사637588
다사612579
다사607648
다사621595
다사617608
다사614627
다사628597
다사615574
다사605637
다사629635
다사615599
다사633611
다사611590
다사633635
다사624615
다사629624
다사633580
다사626630
다사624629
다사628627
다사603638
다사625624
다사622608
다사597593
다사612578
다사639584
다사615595
다사610630
다사624576
다사622627
다사612624
다사619623
다사616629
다사622613
다사610577
다사624610
다사626618
다사611588
다사596593
다사627619
다사632633
다사628621
다사615601
다사656598
다사613622
다사625627
다사620628
다사616582
다사620608
다사621618
다사620598
다사620591
다사620629
다사619577
다사613577
다사620595
다사626583
다사629619
다사639579
다사618584
다사611629
다사621601
다사632585
다사628579
다사623627
다사625581
다사620617
다사633640
다사619602
다사608634
다사605581
다사625588
다사617609
다사629620
다사612638
다사631583
다사617579
다사621602
다사623623
다사617574
다사615604
다사625579
다사611607
다사634640
다사610615
다사612592
다사613609
다사634637
다사638583
다사608587
다사626636
다사603597
다사605584
다사613624
다사613638
다사607644
다사618620
다사625607
다사614614
다사628642
다사633637
다사625585
다사617622
다사615622
다사613590
다사616610
다사610610
다사609636
다사620605
다사636588
다사625619
다사637590
다사631580
다사606627
다사609626
다사636643
다사621581
다사608627
다사629634
다사612625
다사639581
다사630582
다사623583
다사611593
다사632581
다사630608
다사621631
다사604591
다사628626
다사613610
다사603585
다사632602
다사633601
다사614632
다사627622
다사629629
다사596591
다사613627
다사619607
다사624609
다사605632
다사612582
다사624582
다사626627
다사604589
다사624627
다사611637
다사624623
다사635635
다사603592
다사605582
다사627599
다사606653
다사631634
다사620596
다사627588
다사626582
다사612623
다사624589
다사606644
다사606601
다사618623
다사620632
다사609645
다사618629
다사616603
다사610584
다사620625
다사628643
다사622601
다사628631
다사624612
다사607584
다사614621
다사609615
다사631614
다사634581
다사630611
다사625586
다사625628
다사624597
다사612621
다사623629
다사627616
다사633582
다사624617
다사610635
다사618615
다사608637
다사614606
다사625611
다사616618
다사607646
다사611632
다사613596
다사613600
다사616576
다사625580
다사601587
다사630581
다사618616
다사619580
다사621583
다사614573
다사628632
다사611581
다사618581
다사626615
다사629583
다사619610
다사627615
다사614611
다사625629
다사630634
다사636579
다사627636
다사628613
다사604634
다사616622
다사630633
다사612601
다사606635
다사611615
다사614625
다사627597
다사619624
다사607642
다사608645
다사611625
다사609593
다사634585
다사616608
다사613615
다사610592
다사617597
다사615615
다사622616
다사612600
다사642589
다사607634
다사631610
다사617618
다사625613
다사617624
다사610590
다사609576
다사622575
다사631611
다사611586
다사634603
다사621588
다사621617
다사630579
다사613606
다사633638
다사628577
다사607625
다사610580
다사621627
다사632603
다사599588
다사614616
다사612630
다사612575
다사617591
다사604582
다사623600
다사614603
다사611609
다사629640
다사607653
다사617627
다사608629
다사616596
다사619594
다사606640
다사626621
다사623619
다사598594
다사621626
다사612583
다사610614
다사636587
다사603583
다사621616
다사609627
다사622588
다사615611
다사628586
다사617581
다사626597
다사614613
다사624587
다사608613
다사598593
다사605645
다사611612
다사632586
다사640584
다사636585
다사613625
다사619625
다사613640
다사626593
다사622590
다사608588
다사615603
다사622592
다사637603
다사615612
다사630629
다사618582
다사631637
다사613597
다사632640
다사620602
다사637583
다사606589
다사623617
다사624596
다사624604
다사617628
다사623577
다사641586
다사630632
다사606587
다사605642
다사622593
다사626600
다사608581
다사624583
다사623596
다사609633
다사607645
다사628641
다사612619
다사630635
다사622596
다사618588
다사616619
다사623625
다사621606
다사636580
다사620585
다사618579
다사633584
다사614576
다사617613
다사640586
다사620578
다사606646
다사620633
다사612639
다사607627
다사609632
다사626608
다사629579
다사609638
다사612637
다사621615
다사632583
다사632601
다사616631
다사609649
다사610628
다사608589
다사620621
다사616623
다사616616
다사611624
다사618625
다사611622
다사619599
다사616612
다사611575
다사628635
다사622615
다사619588
다사632580
다사632612
다사619598
다사620631
다사601586
다사629638
다사624622
다사614596
다사635603
다사628610
다사632639
다사621599
다사627577
다사656599
다사614617
다사605630
다사617620
다사624624
다사616625
다사615583
다사633602
다사606634
다사624584
다사634610
다사622579
다사626638
다사609590
다사607579
다사635582
다사617603
다사621613
다사619591
다사608594
다사611628
다사614590
다사608633
다사627586
다사618630
다사624619
다사625637
다사620620
다사616599
다사622618
다사619629
다사628629
다사627608
다사620612
다사606641
다사608650
다사625601
다사605639
다사620623
다사635588
다사630584
다사609623
다사629631
다사605654
다사610589
다사629584
다사625603
다사609579
다사626577
다사611649
다사610617
다사631633
다사635602
다사612597
다사621621
다사630606
다사608614
다사603593
다사597592
다사626631
다사632609
다사617598
다사609609
다사618593
다사619606
다사617589
다사616606
다사609642
다사627621
다사609634
다사635606
다사605647
다사626624
다사614604
다사606643
다사619587
다사626588
다사623620
다사626585
다사632614
다사619604
다사611610
다사603586
다사632638
다사629580
다사624588
다사623608
다사626635
다사618599
다사624578
다사613579
다사610624
다사618631
다사621589
다사629637
다사619609
다사617578
다사613613
다사605631
다사627609
다사621584
다사627626
다사605638
다사632605
다사612613
다사614585
다사633609
다사623603
다사628582
다사632613
다사610595
다사603639
다사629582
다사615628
다사631607
다사612591
다사611604
다사621614
다사627633
다사636583
다사606637
다사630631
다사634582
다사627635
다사611640
다사609613
다사614600
다사621604
다사611621
다사631612
다사614601
다사608649
다사612627
다사624586
다사611577
다사606654
다사619627
다사616605
다사633606
다사632610
다사610576
다사619619
다사616615
다사609610
다사615597
다사623586
다사619628
다사614586
다사628609
다사616617
다사625578
다사631608
다사611613
다사622605
다사619574
다사637648
다사617650
다사620600
다사604639
다사622630
다사611630
다사602586
다사605636
다사616583
다사610631
다사631638
다사634638
다사603636
다사613620
다사611582
다사623576
다사640585
다사628630
다사631639
다사612629
다사609647
다사615602
다사634635
다사624620
다사626601
다사599589
다사628624
다사620587
다사626623
다사607643
다사626622
다사610579
다사609639
다사637644
다사612640
다사606647
다사618589
다사630583
다사604586
다사612632
다사604640
다사621623
다사629630
다사626587
다사619630
다사636584
다사612615
다사634605
다사628640
다사622586
다사612609
다사621605
다사611583
다사624581
다사618607
다사607635
다사632607
다사623582
다사633610
다사618604
다사628638
다사614594
다사615606
다사615629
다사635585
다사606583
다사614620
다사610632
다사613593
다사631642
다사617604
다사629598
다사620619
다사617623
다사632611
다사617577
다사622614
다사605601
다사634642
다사605628
다사624621
다사616589
다사609648
다사598589
다사618614
다사630614
다사623622
다사610639
다사620607
다사636603
다사624614
다사607631
다사609617
다사610583
다사623584
다사628588
다사632636
다사622620
다사619620
다사605649
다사613582
다사628633
다사618606
다사629587
다사628611
다사611602
다사631581
다사613581
다사617616
다사621607
다사627631
다사617607
다사604637
다사612636
다사605648
다사609630
다사620593
다사614578
다사607647
다사607652
다사608578
다사612622
다사605588
다사633641
다사609631
다사626584
다사621593
다사636644
다사626580
다사626579
다사618577
다사626586
다사613598
다사618618
다사612574
다사607640
다사627630
다사618594
다사618575
다사611627
다사615587
다사620590
다사619575
다사625626
다사620622
다사610623
다사654605
다사615575
다사617575
다사618621
다사635605
다사614619
다사612605
다사609646
다사619601
다사618596
다사623618
다사627618
다사632604
다사629639
다사607655
다사627614
다사622594
다사628578
다사627583
다사639585
다사631587
다사636637
다사632641
다사598590
다사625623
다사614615
다사604643
다사609594
다사612577
다사604633
다사635581
다사619618
다사616609
다사607636
다사638579
다사619622
다사629586
다사603640
다사631603
다사630587
다사625583
다사612612
다사620604
다사633639
다사630610
다사621587
다사607585
다사618592
다사614597
다사634612
다사633608
다사627581
다사614628
다사602585
다사622602
다사622581
다사634650
다사604631
다사618624
다사625587
다사641587
다사626626
다사605587
다사615619
다사629614
다사629615
다사627587
다사626610
다사614599
다사631579
다사618583
다사619576
다사605633
다사616621
다사618574
다사630638
다사610581
다사608647
다사621596
다사614623
다사618617
다사615620
다사630613
다사609581
다사630612
다사617617
다사623626
다사626625
다사613595
다사621612
다사622629
다사639580
다사617593
다사611605
다사613589
다사609592
다사627612
다사623611
다사611592
다사614622
다사623580
다사634602
다사613575
다사626581
다사607639
다사624618
다사633614
다사611633
다사615621
다사619600
다사633625
다사612650
다사612576
다사614631
다사606581
다사623581
다사615594
다사626637
다사622619
다사615616
다사610593
다사639605
다사629588
다사630588
다사612585
다사639586
다사628581
다사607632
다사616575
다사612599
다사618613
다사604632
다사608630
다사605641
다사610575
다사638650
다사637584
다사622624
다사635583
다사624579
다사622577
다사620606
다사620626
다사611631
다사613631
다사606580
다사633605
다사609644
다사621624
다사613628
다사619590
다사610585
다사605640
다사628634
다사637582
다사612608
다사619608
다사615618
다사618587
다사622628
다사617582
다사612602
다사635636
다사622606
다사633634
다사606582
다사623578
다사608584
다사612607
다사599590
다사638614
다사622621
다사618605
다사632637
다사609603
다사617614
다사612649
다사632584
다사606642
다사616586
다사619617
다사618622
다사608641
다사622580
다사605635
다사614575
다사610612
다사617621
다사618632
다사614595
다사610616
다사627637
다사622587
다사636606
다사607583
다사621591
다사623605
다사598591
다사602587
다사619621
다사634604
다사617630
다사611616
다사633642
다사619632
다사623579
다사614579
다사609578
다사606632
다사634613
다사624577
다사634584
다사618603
다사611584
다사610636
다사615625
다사627638
다사610649
다사623615
다사629610
다사616607
다사614624
다사604584
다사624616
다사611614
다사608632
다사607588
다사629609
다사627639
다사614584
다사632635
다사612626
다사611589
다사609614
다사618576
다사636604
다사627611
다사634583
다사623604
다사622607
다사627648
다사626598
다사618578
다사623624
다사625604
다사616595
다사625625
다사621582
다사615627
다사625622
다사642586
다사623606
다사620609
다사634641
다사605643
다사626595
다사617590
다사607628
다사651603
다사608577
다사612620
다사628583
다사609624
다사624585
다사635584
다사623616
다사623609
다사628615
다사634639
다사608646
다사620586
다사616593
다사611585
다사628608
다사607630
다사617595
다사626599
다사617631
다사633636
다사615608
다사611576
다사623612
다사613574
다사625636
다사626614
다사622583
다사630637
다사619581
다사608611
다사608648
다사628623
다사630586
다사624611
다사627580
다사612610
다사618619
다사613601
다사630636
다사629632
다사619603
다사610634
다사625597
다사621597
다사613573
다사625584
다사610613
다사611650
다사630578
다사617588
다사604593
다사618597
다사620618
다사626628
다사633607
다사610633
다사638584
다사657598
다사635639
다사608636
다사608642
다사631640
다사633583
다사609591
다사635587
다사606645
다사627617
다사624605
다사634631
다사621629
다사604596
다사615593
다사625638
다사604592
다사607654
다사608625
다사621622
다사603637
다사618580
다사615605
다사611598
다사618609
다사614602
다사628614
다사611626
다사629636
다사611591
다사631586
다사626619
다사605634
다사622585
다사623587
다사617576
다사614574
다사624625
다사620627
다사613612
다사623597
다사612580
다사623621
다사627598
다사610648
다사610594
다사628639
다사627584
다사606588
다사617599
다사617629
다사638585
다사625615
다사628585
다사612590
다사609641
다사632632
다사623610
다사630585
다사610609
다사621628
다사633603
다사622626
다사606584
다사622599
다사613632
다사627624
다사640580
다사622576
다사622609
다사626616
다사620601
다사602588
다사618590
다사625582
다사610640
다사621592
다사610588
다사610638
다사610591
다사627600
다사613616
다사632608
다사621585
다사620615
다사635642
다사609635
다사609640
다사608628
다사621620
다사629633
다사633586
다사611634
다사635640
다사634587
다사622623
다사637579
다사620613
다사621586
다사621630
다사610604
다사620588
다사624626
다사625577
다사607641
다사620603
다사611639
다사628584
다사606651
다사623589
다사613626
다사605652
다사624628
다사629608
다사614577
다사622600
다사617625
다사621619
다사617626
다사624580
다사613578
다사612628
다사605583
다사631641
다사625614
다사617584
다사618628
다사613621
다사607637
다사629641
다사604597
다사631602
다사613599
다사619631
다사627585
다사618626
다사637585
다사620614
다사611618
다사633613
다사635643
다사626617
다사626607
다사625621
다사605589
다사620630
다사608644
다사616574
다사634634
다사620577
다사619626
다사604595
다사613602
다사603589
다사631636
다사609589
다사615585
다사611623
다사612584
다사613592
다사618591
다사630615
다사602592
다사610641
다사631582
다사622584
다사596592
다사618595
다사636605
다사625616
다사634588
다사616626
다사612573
다사627632
다사619578
다사606648
다사627634
다사609577
다사615582
다사613629
다사657599
다사634606
다사637605
다사606639
다사611635
다사626578
다사622578
다사612593
다사609628
다사627579
다사631613
다사604585
다사627627
다사606629
다사605629
다사617596
다사629581
다사628580
다사609616
다사614612
다사611608
다사615576
다사623614
다사605602
다사603596
다사624598
다사610637
다사622625
다사613623
다사616620
다사621600
다사615584
다사630580
다사637581
다사608631
다사609580
다사636586
다사615626
다사632579
다사622597
다사632634
다사626589
다사624601
다사629578
다사638578
다사609582
다사610607
다사604588
다사604642
다사614589
다사625612
다사619616
다사622595
다사609637
다사631609
다사620616
다사609588
다사624607
다사608590
다사626611
다사607626
다사616624
다사613580
다사617585
다사617605
다사625602
다사621594
다사619593
다사610629
다사637580
다사619596
다사635586
다사623588
다사616598
다사609612
다사622611
다사613576
다사635637
다사617583
다사622582
다사613591
다사613605
다사604641
다사615586
다사604636
다사604587
다사607633
다사616590
다사628619
다사616585
다사628636
다사623585
다사614618
다사632587
다사608582
다사627623
다사619605
다사606652
다사620594
다사609643
다사616627
다사613619
다사627582
다사611638
다사606638
다사628612
다사627610
다사621625
다사620575
다사608640
다사625620
다사625630
다사633604
다사636642
다사612614
다사607589
다사608643
다사612634
다사610582
다사605644
다사635611
다사608639
다사628620
다사604638
다사615661
다사638613
다사627659
다사631628
다사647601
다사651601
다사641584
다사626660
다사640620
다사629592
다사647584
다사657603
다사649581
다사602640
다사644587
다사625654
다사617639
다사635595
다사644594
다사641594
다사643594
다사638632
다사615610
다사644595
다사643583
다사639653
다사655595
다사634648
다사629655
다사638626
다사632626
다사620635
다사651580
다사637645
다사647586
다사639598
다사633620
다사635627
다사632642
다사624633
다사643581
다사605625
다사636616
다사608617
다사642584
다사650580
다사630604
다사619659
다사629646
다사619635
다사638610
다사627644
다사614633
다사637634
다사656591
다사619615
다사641642
다사651584
다사608585
다사622657
다사639608
다사647599
다사634591
다사616633
다사638595
다사624645
다사627603
다사608635
다사657592
다사614629
다사629652
다사624652
다사616577
다사637640
다사641601
다사614662
다사609586
다사611601
다사617658
다사625643
다사643653
다사641596
다사607610
다사609604
다사607614
다사642651
다사640592
다사615632
다사620656
다사628661
다사623654
다사624658
다사624647
다사639610
다사632629
다사638649
다사639617
다사626644
다사619651
다사634622
다사645582
다사605599
다사630589
다사630640
다사637604
다사613603
다사630663
다사610652
다사632617
다사621632
다사639642
다사639654
다사642587
다사601590
다사602641
다사638629
다사642603
다사616654
다사642590
다사631601
다사615653
다사620640
다사642599
다사652603
다사634653
다사649603
다사647580
다사634608
다사636626
다사640588
다사642649
다사616638
다사605626
다사623594
다사641636
다사623661
다사620641
다사621575
다사628604
다사639634
다사611657
다사651586
다사632589
다사637602
다사635592
다사649587
다사608655
다사612655
다사633629
다사634633
다사623595
다사633657
다사619660
다사638603
다사640578
다사617660
다사636649
다사603603
다사647595
다사610644
다사612651
다사621652
다사606594
다사605600
다사626591
다사605595
다사648592
다사629604
다사620637
다사645594
다사637639
다사625644
다사640613
다사616613
다사614598
다사626633
다사638638
다사626605
다사641627
다사632624
다사632627
다사630577
다사607638
다사625655
다사625633
다사639623
다사658597
다사639582
다사630646
다사595591
다사636612
다사644578
다사643652
다사610599
다사610587
다사630627
다사631626
다사608623
다사643590
다사642591
다사606591
다사633587
다사648583
다사602631
다사599596
다사653605
다사601598
다사612645
다사614605
다사651593
다사636607
다사639597
다사652599
다사647598
다사640619
다사648599
다사622650
다사631646
다사631578
다사620642
다사636620
다사650588
다사636593
다사639656
다사615656
다사619612
다사609650
다사633644
다사625641
다사639633
다사637593
다사609629
다사604628
다사637638
다사602583
다사616591
다사640610
다사630654
다사622645
다사640639
다사650581
다사622637
다사615642
다사618656
다사649588
다사619583
다사656595
다사658596
다사608618
다사642655
다사617636
다사599593
다사615636
다사619653
다사617647
다사626652
다사635589
다사606578
다사625651
다사615647
다사622647
다사625648
다사607593
다사629658
다사653604
다사601599
다사610598
다사635629
다사647604
다사603588
다사657602
다사628647
다사635591
다사609587
다사626658
다사615639
다사649597
다사605580
다사634599
다사604650
다사624630
다사651598
다사638600
다사625657
다사650599
다사606579
다사630625
다사603633
다사633617
다사646589
다사643600
다사608579
다사630648
다사626661
다사625647
다사628662
다사612603
다사616641
다사629642
다사606596
다사632660
다사657597
다사625639
다사607598
다사605591
다사605604
다사643605
다사606600
다사637632
다사630597
다사646604
다사602590
다사645580
다사633621
다사633661
다사626650
다사620579
다사627655
다사642581
다사650607
다사620659
다사657601
다사607613
다사635647
다사625598
다사638652
다사643655
다사617635
다사641581
다사649592
다사624631
다사633591
다사618600
다사631621
다사630641
다사623613
다사628654
다사633597
다사641612
다사652606
다사646590
다사653598
다사634600
다사645579
다사643588
다사647592
다사633622
다사639616
다사606593
다사635655
다사638597
다사618611
다사616601
다사632622
다사620647
다사627576
다사624659
다사642595
다사621637
다사616643
다사607606
다사620649
다사651585
다사644585
다사647589
다사619614
다사630599
다사605585
다사623644
다사638582
다사635649
다사615644
다사598598
다사617657
다사623592
다사620636
다사636628
다사597589
다사620639
다사646581
다사646591
다사655592
다사642597
다사639596
다사641590
다사652605
다사626606
다사636596
다사606613
다사629612
다사630590
다사636608
다사640591
다사617587
다사627640
다사614652
다사642604
다사632618
다사650597
다사631653
다사642653
다사614582
다사654588
다사642585
다사624599
다사656600
다사630649
다사656592
다사620653
다사617632
다사640595
다사607650
다사609656
다사601637
다사617638
다사640612
다사645589
다사604604
다사637592
다사600597
다사631662
다사630603
다사614593
다사627643
다사614647
다사599599
다사636645
다사651597
다사597595
다사611600
다사615649
다사631596
다사617580
다사644581
다사640618
다사614659
다사639639
다사604648
다사635623
다사640625
다사628653
다사614645
다사622658
다사625594
다사631595
다사634624
다사639636
다사620581
다사615660
다사642592
다사642583
다사648580
다사616636
다사603644
다사647593
다사654604
다사634652
다사629605
다사621580
다사642632
다사653589
다사655589
다사636639
다사621644
다사643592
다사651591
다사628644
다사624593
다사638645
다사605623
다사629623
다사601593
다사630598
다사622655
다사615591
다사635624
다사620646
다사637625
다사629645
다사629618
다사628660
다사604647
다사609583
다사643593
다사606585
다사630594
다사637598
다사648582
다사644603
다사608598
다사613658
다사621649
다사607651
다사639578
다사630661
다사658594
다사622638
다사635622
다사642633
다사646587
다사653590
다사599592
다사622648
다사630657
다사640597
다사613634
다사642605
다사621650
다사619592
다사635612
다사634597
다사615580
다사619637
다사631663
다사641635
다사611603
다사647587
다사642654
다사623641
다사619639
다사612659
다사604652
다사632650
다사650589
다사625656
다사609622
다사615623
다사617611
다사615596
다사647579
다사621576
다사652598
다사637623
다사635613
다사630595
다사640590
다사606618
다사605596
다사602600
다사641604
다사644589
다사602603
다사610655
다사638654
다사652593
다사630651
다사619582
다사629661
다사652579
다사604623
다사614640
다사629589
다사632631
다사617649
다사633650
다사635645
다사646606
다사612653
다사643603
다사599594
다사625632
다사618648
다사627596
다사623632
다사602605
다사638634
다사612616
다사640641
다사639628
다사628602
다사632647
다사622612
다사606620
다사641641
다사608586
다사619648
다사626651
다사607602
다사639625
다사609600
다사653594
다사626604
다사610626
다사621660
다사645593
다사641633
다사620645
다사645604
다사641652
다사631651
다사654598
다사616573
다사620634
다사606628
다사627652
다사632661
다사636600
다사605621
다사636594
다사642636
다사616635
다사619585
다사628603
다사629663
다사638637
다사618639
다사642598
다사647603
다사639588
다사605622
다사648602
다사632588
다사652597
다사631645
다사609607
다사630607
다사611611
다사630617
다사637656
다사633619
다사631597
다사615645
다사631661
다사628594
다사653607
다사609606
다사614648
다사627653
다사610601
다사635596
다사620576
다사639615
다사632644
다사641582
다사640616
다사615598
다사613585
다사621598
다사628648
다사631593
다사611574
다사608603
다사616644
다사640644
다사617653
다사638621
다사627595
다사639604
다사613604
다사638602
다사648598
다사642640
다사637621
다사627650
다사614643
다사617646
다사621641
다사616658
다사626655
다사638656
다사645600
다사631591
다사605651
다사618634
다사651605
다사600598
다사618610
다사604581
다사617606
다사633618
다사625600
다사640614
다사640593
다사621638
다사625631
다사625605
다사626643
다사607629
다사630628
다사640650
다사638648
다사612642
다사644597
다사656601
다사638646
다사627656
다사622610
다사635646
다사607590
다사596590
다사608652
다사607601
다사607580
다사616587
다사634643
다사652587
다사601633
다사640646
다사637624
다사649586
다사644599
다사627594
다사637589
다사603642
다사601600
다사626662
다사641656
다사624649
다사602602
다사632597
다사613647
다사631599
다사628591
다사636581
다사639652
다사624638
다사633589
다사638609
다사618636
다사626629
다사622603
다사600586
다사608595
다사652592
다사609599
다사635628
다사655601
다사629613
다사631631
다사638619
다사641613
다사616640
다사603641
다사629656
다사604625
다사623647
다사610650
다사628592
다사617643
다사638631
다사637611
다사648585
다사611642
다사638627
다사627661
다사641629
다사636630
다사606615
다사651588
다사649583
다사620644
다사607599
다사636592
다사654603
다사635651
다사652601
다사636641
다사609654
다사623630
다사630605
다사640649
다사619656
다사628652
다사645597
다사639646
다사640608
다사641655
다사640626
다사633656
다사614642
다사602642
다사628595
다사639591
다사650605
다사618637
다사626602
다사629591
다사611655
다사623590
다사650579
다사629644
다사628656
다사635597
다사653601
다사618640
다사627602
다사610600
다사644586
다사621656
다사628598
다사632623
다사640579
다사632657
다사655596
다사641638
다사602593
다사644584
다사627604
다사611654
다사641634
다사619655
다사630662
다사616649
다사633616
다사639613
다사607596
다사632598
다사617642
다사611647
다사633592
다사631623
다사639644
다사611594
다사613586
다사645587
다사652595
다사640603
다사618641
다사640627
다사622632
다사654599
다사625662
다사625640
다사607578
다사606623
다사640598
다사654601
다사610586
다사617602
다사648605
다사619633
다사626657
다사631584
다사621577
다사623652
다사636613
다사649584
다사617612
다사648604
다사603600
다사626594
다사637578
다사631650
다사613641
다사617592
다사639606
다사618652
다사628651
다사640583
다사614655
다사613649
다사631605
다사638604
다사643584
다사652596
다사611652
다사635633
다사619611
다사644604
다사630619
다사609602
다사616642
다사631620
다사606633
다사648587
다사634655
다사633647
다사602635
다사612594
다사616637
다사621657
다사634619
다사603645
다사624635
다사632594
다사637629
다사624606
다사601634
다사610578
다사630656
다사618586
다사620597
다사638593
다사647591
다사628658
다사621578
다사611651
다사626659
다사607619
다사633624
다사616580
다사621611
다사641610
다사614637
다사627628
다사638617
다사607591
다사616579
다사654591
다사648606
다사629606
다사639655
다사631606
다사634621
다사627591
다사624654
다사633594
다사649599
다사619646
다사649604
다사618660
다사636611
다사643634
다사636589
다사644601
다사634630
다사602584
다사617656
다사640582
다사638655
다사629654
다사643595
다사612647
다사623646
다사625659
다사622634
다사639600
다사646597
다사604649
다사604601
다사608615
다사609605
다사612604
다사616600
다사641577
다사619662
다사611636
다사615614
다사604630
다사637641
다사652590
다사615635
다사622589
다사631585
다사629596
다사635631
다사607620
다사636653
다사636623
다사635607
다사606612
다사635593
다사629651
다사632620
다사653593
다사631625
다사630639
다사639609
다사650583
다사653606
다사622643
다사627607
다사635615
다사613617
다사632592
다사615607
다사657591
다사649585
다사608607
다사607622
다사613618
다사651595
다사629600
다사649606
다사603628
다사605594
다사616656
다사624643
다사652604
다사638653
다사618651
다사617651
다사643627
다사626596
다사623593
다사642582
다사632615
다사603591
다사611587
다사617634
다사655597
다사633659
다사640653
다사637614
다사614580
다사629607
다사600602
다사634589
다사637630
다사615650
다사628590
다사641583
다사630618
다사622591
다사642596
다사617652
다사623655
다사643650
다사617600
다사619638
다사604606
다사640634
다사630591
다사648597
다사620580
다사638589
다사636655
다사640587
다사613644
다사604605
다사648588
다사610596
다사635654
다사641605
다사634618
다사629601
다사639601
다사623645
다사608583
다사610656
다사656597
다사652589
다사643596
다사652591
다사610606
다사621658
다사633631
다사626654
다사646594
다사642627
다사640642
다사611595
다사640615
다사611643
다사626645
다사640636
다사614587
다사631627
다사633593
다사644653
다사602597
다사640601
다사609585
다사629622
다사647582
다사603601
다사633643
다사605650
다사627651
다사613633
다사614636
다사634629
다사615634
다사634651
다사623602
다사625661
다사634594
다사643654
다사619641
다사656602
다사637608
다사608622
다사598592
다사609597
다사644591
다사633615
다사614650
다사624602
다사644651
다사651590
다사624592
다사639648
다사613645
다사645595
다사614630
다사630647
다사615624
다사640651
다사609611
다사604635
다사633599
다사628605
다사614641
다사627658
다사646580
다사612587
다사635609
다사621610
다사639612
다사622651
다사639632
다사647581
다사629659
다사641588
다사611644
다사633623
다사625593
다사635625
다사626592
다사640643
다사651583
다사607609
다사624634
다사650585
다사609655
다사618633
다사650598
다사632596
다사635644
다사636640
다사629657
다사637647
다사614572
다사638630
다사654592
다사605598
다사639577
다사618638
다사649598
다사615609
다사623634
다사620610
다사643587
다사649593
다사636631
다사638620
다사640602
다사600589
다사636629
다사619644
다사647594
다사644634
다사605592
다사634595
다사605597
다사636646
다사633585
다사642601
다사604653
다사606655
다사644588
다사619579
다사638644
다사646596
다사657604
다사634592
다사642588
다사640648
다사644596
다사610618
다사632656
다사655598
다사608619
다사628593
다사612656
다사639589
다사608656
다사603632
다사630655
다사648586
다사616614
다사640624
다사607605
다사655599
다사618643
다사628600
다사642629
다사638608
다사615581
다사641631
다사618601
다사637622
다사639622
다사639583
다사613588
다사631657
다사637601
다사636632
다사611645
다사648601
다사652607
다사637651
다사629611
다사643582
다사654594
다사621642
다사623638
다사614626
다사634609
다사640600
다사651594
다사612596
다사602638
다사625609
다사600599
다사598588
다사642607
다사646601
다사622636
다사636590
다사630658
다사613608
다사634616
다사620592
다사641585
다사626609
다사639635
다사648591
다사637613
다사646586
다사613650
다사616646
다사633652
다사654600
다사652594
다사600594
다사619643
다사629617
다사641639
다사628646
다사625649
다사638607
다사631643
다사614639
다사613630
다사639640
다사657593
다사647602
다사626639
다사615578
다사639645
다사629603
다사631644
다사631648
다사605627
다사604629
다사622598
다사631604
다사637649
다사613636
다사619634
다사602596
다사617661
다사607592
다사636615
다사656594
다사644593
다사608638
다사607587
다사641647
다사643633
다사629653
다사600592
다사601636
다사611617
다사619658
다사649580
다사605593
다사630650
다사634611
다사624640
다사627646
다사641597
다사616645
다사629595
다사651579
다사603582
다사600601
다사621661
다사636651
다사651599
다사634617
다사628628
다사630644
다사636634
다사643579
다사615662
다사608608
다사614588
다사638587
다사610603
다사633626
다사647585
다사609598
다사623648
다사630593
다사598596
다사637591
다사606621
다사615600
다사655593
다사655600
다사622635
다사640656
다사613648
다사656596
다사603629
다사614653
다사634627
다사612643
다사614609
다사638633
다사644600
다사610621
다사615617
다사641625
다사627662
다사609595
다사648581
다사608609
다사616659
다사628599
다사638590
다사604626
다사621639
다사637636
다사637609
다사639629
다사622633
다사619640
다사639607
다사639643
다사639637
다사622656
다사601635
다사651587
다사645585
다사631594
다사635621
다사640594
다사613583
다사633588
다사630600
다사628622
다사611596
다사650592
다사625653
다사649594
다사610622
다사641595
다사638635
다사614657
다사618646
다사614649
다사612586
다사633627
다사637653
다사636601
다사603599
다사627590
다사646600
다사607617
다사641589
다사640645
다사620652
다사621645
다사635590
다사633655
다사633579
다사597590
다사616634
다사643597
다사608592
다사604600
다사639618
다사644580
다사609608
다사609651
다사642578
다사617573
다사625660
다사624639
다사607616
다사646578
다사608621
다사602634
다사653599
다사629626
다사641599
다사617633
다사611620
다사625642
다사615651
다사654589
다사617648
다사614646
다사615655
다사637637
다사632593
다사630624
다사609619
다사642634
다사623656
다사602598
다사615659
다사649579
다사634590
다사641653
다사614644
다사601588
다사626649
다사631655
다사620648
다사608601
다사618602
다사626646
다사618654
다사626632
다사647605
다사650603
다사627625
다사607581
다사609625
다사653597
다사656604
다사616639
다사613637
다사632645
다사643591
다사630626
다사607582
다사607603
다사626603
다사615631
다사654595
다사615592
다사621574
다사624636
다사645590
다사626647
다사602595
다사630592
다사613655
다사625595
다사646605
다사653588
다사599595
다사621647
다사637628
다사640607
다사650602
다사602633
다사640606
다사616578
다사633645
다사625617
다사648595
다사624656
다사632600
다사612658
다사637597
다사632659
다사642635
다사651604
다사655591
다사654593
다사644633
다사612657
다사631652
다사630652
다사638594
다사632652
다사615641
다사641579
다사631654
다사623660
다사600590
다사616648
다사611641
다사624662
다사649591
다사636648
다사623599
다사627606
다사606616
다사637650
다사619589
다사634644
다사645602
다사644582
다사615589
다사616588
다사602637
다사648579
다사641651
다사640589
다사608602
다사646588
다사615640
다사609621
다사629616
다사607612
다사633628
다사619661
다사635616
다사636610
다사651589
다사641616
다사613646
다사616611
다사610619
다사628657
다사635619
다사638591
다사618647
다사622659
다사626590
다사615658
다사642580
다사650582
다사630642
다사632578
다사638596
다사639592
다사623637
다사636624
다사640629
다사614592
다사613657
다사643628
다사620660
다사650587
다사613587
다사603584
다사629649
다사642652
다사644583
다사619597
다사643586
다사621655
다사630660
다사625618
다사631624
다사614583
다사612648
다사651600
다사615588
다사623657
다사601594
다사620651
다사630622
다사645605
다사656590
다사610611
다사609653
다사616653
다사599602
다사649601
다사616651
다사618642
다사634647
다사640637
다사637619
다사631589
다사636635
다사620643
다사649590
다사636650
다사621653
다사627593
다사620582
다사636652
다사601596
다사629628
다사645603
다사640640
다사658595
다사632654
다사615657
다사647590
다사603590
다사622631
다사654602
다사653596
다사606625
다사606597
다사623658
다사637626
다사600591
다사620655
다사630643
다사636609
다사637646
다사640654
다사602594
다사607615
다사639631
다사656593
다사621654
다사621633
다사624644
다사633590
다사627657
다사627649
다사632655
다사646585
다사612641
다사599600
다사611606
다사629594
다사647606
다사632643
다사605603
다사616662
다사631659
다사639611
다사614581
다사618612
다사635656
다사612654
다사619636
다사599598
다사630623
다사644598
다사599587
다사613654
다사608591
다사632628
다사641632
다사602630
다사608605
다사647600
다사636597
다사631629
다사646582
다사629590
다사607611
다사646602
다사639630
다사645592
다사603604
다사620638
다사631649
다사606598
다사632595
다사624603
다사637612
다사612652
다사622660
다사602632
다사620599
다사631647
다사636647
다사607618
다사605590
다사639626
다사608600
다사617645
다사623631
다사601589
다사624642
다사622661
다사644605
다사625645
다사629593
다사623643
다사643604
다사613642
다사618650
다사626620
다사618662
다사641648
다사642650
다사632653
다사643602
다사613653
다사638611
다사600593
다사633654
다사627642
다사606590
다사653600
다사628625
다사603606
다사639638
다사634657
다사620611
다사616604
다사607595
다사647597
다사638643
다사608596
다사640617
다사645599
다사613594
다사642600
다사633653
다사618635
다사632649
다사621579
다사631598
다사627645
다사614610
다사646579
다사604590
다사606592
다사631658
다사616660
다사622642
다사612617
다사654590
다사640630
다사634646
다사643599
다사637627
다사624657
다사604602
다사640632
다사602599
다사621608
다사621640
다사632662
다사632616
다사619613
다사614651
다사657595
다사647588
다사618658
다사644592
다사616602
다사638586
다사645586
다사606619
다사635599
다사652602
다사621603
다사637600
다사624650
다사611619
다사630602
다사607586
다사629643
다사616597
다사599597
다사612631
다사598595
다사642628
다사614607
다사619650
다사641614
다사636599
다사641602
다사645591
다사622640
다사629621
다사633632
다사647578
다사632646
다사639641
다사637654
다사597594
다사642608
다사641615
다사611653
다사629602
다사615573
다사640581
다사606650
다사641600
다사626613
다사610625
다사624651
다사606599
다사632591
다사657594
다사645583
다사646593
다사607594
다사635579
다사627605
다사643636
다사626642
다사635650
다사623635
다사636595
다사625646
다사613656
다사641592
다사622653
다사633658
다사615643
다사648600
다사634656
다사633598
다사623649
다사611648
다사620654
다사610620
다사628616
다사636617
다사614661
다사638628
다사629660
다사618659
다사623653
다사648584
다사655590
다사600587
다사615648
다사626640
다사635594
다사624661
다사604646
다사651607
다사638636
다사629648
다사634601
다사618645
다사642630
다사650593
다사634645
다사648603
다사618608
다사641580
다사608620
다사610645
다사632619
다사610627
다사650594
다사637615
다사611646
다사636625
다사624646
다사622644
다사612595
다사618627
다사626612
다사610605
다사630596
다사608610
다사607624
다사639619
다사603631
다사628650
다사641626
다사633651
다사636633
다사651602
다사642594
다사633660
다사637596
다사603630
다사621648
다사603635
다사638642
다사626648
다사651592
다사649607
다사610597
다사624595
다사637635
다사617586
다사633595
다사643635
다사639599
다사631630
다사649582
다사600595
다사636654
다사648578
다사634607
다사630645
다사611597
다사636627
다사619654
다사618644
다사634623
다사623607
다사635634
다사610653
다사649600
다사627592
다사634598
다사628618
다사634580
다사637631
다사635618
다사650591
다사617640
다사612644
다사606595
다사601638
다사648589
다사624637
다사603643
다사637616
다사627663
다사630620
다사613652
다사616652
다사653595
다사630659
다사643656
다사632625
다사629577
다사612589
다사622604
다사637633
다사615590
다사633581
다사624655
다사625634
다사634654
다사625592
다사639650
다사606622
다사616592
다사634626
다사612588
다사624653
다사600600
다사635617
다사649595
다사608654
다사625606
다사610602
다사628606
다사601591
다사649602
다사625652
다사628607
다사652586
다사650600
다사619645
다사646595
다사616632
다사636614
다사614608
다사602604
다사635652
다사632621
다사604627
다사638588
다사622622
다사604645
다사631656
다사630621
다사618649
다사617655
다사641578
다사604651
다사635600
다사636622
다사653603
다사638640
다사625591
다사624575
다사604603
다사636598
다사636638
다사655603
다사635653
다사629627
다사603634
다사602591
다사646603
다사606614
다사629650
다사609596
다사640605
다사631590
다사639649
다사627601
다사640623
다사652600
다사608593
다사635620
다사639595
다사615613
다사630601
다사648596
다사638601
다사622654
다사639602
다사642648
다사640647
다사638625
다사615633
다사620574
다사639587
다사650604
다사603602
다사623659
다사612606
다사623640
다사638615
다사617662
다사655604
다사595592
다사629625
다사606630
다사648594
다사626641
다사629599
다사637652
다사622639
다사624613
다사642638
다사634586
다사639651
다사613607
다사619647
다사636636
다사611578
다사643632
다사643589
다사628645
다사602636
다사620657
다사635610
다사617654
다사622646
다사634615
다사609601
다사630653
다사636591
다사635608
다사608606
다사649605
다사628617
다사607623
다사634593
다사634620
다사649596
다사629597
다사606602
다사651596
다사623651
다사612618
다사620650
다사628655
다사621636
다사624632
다사627647
다사638647
다사624600
다사635614
다사613635
다사608653
다사634596
다사629647
다사628601
다사615652
다사635641
다사646592
다사640577
다사655602
다사638622
다사640633
다사598597
다사613643
다사606624
다사631619
다사610654
다사607604
다사636619
다사645588
다사608580
다사642577
다사639593
다사610643
다사632658
다사611599
다사648590
다사647583
다사616628
다사643598
다사607597
다사623639
다사643601
다사611656
다사616661
다사653602
다사601592
다사606626
다사641608
다사645598
다사653591
다사636618
다사613584
다사599601
다사628659
다사640599
다사639603
다사637610
다사643606
다사613659
다사645596
다사624590
다사607621
다사643651
다사626653
다사617659
다사633646
다사610651
다사637618
다사637595
다사623601
다사635630
다사643578
다사619657
다사637599
다사608599
다사627629
다사656603
다사606586
다사618661
다사613651
다사638618
다사638606
다사623650
다사641628
다사639647
다사650596
다사603587
다사619652
다사621635
다사637586
다사621659
다사640628
다사620584
다사638580
다사618585
다사640611
다사604624
다사627654
다사642602
다사632599
다사650586
다사612646
다사623598
다사604644
다사637617
다사614654
다사637643
다사619649
다사639620
다사616650
다사642606
다사642637
다사637655
다사624660
다사652588
다사616584
다사633596
다사616647
다사605586
다사603605
다사601597
다사625576
다사617637
다사641606
다사634614
다사646584
다사641640
다사622641
다사627660
다사629662
다사650606
다사638612
다사639594
다사644590
다사646598
다사608616
다사614660
다사641603
다사633630
다사641576
다사638624
다사655594
다사641649
다사638581
다사615579
다사639621
다사616655
다사628589
다사640631
다사645584
다사618655
다사611579
다사632590
다사640576
다사638599
다사631615
다사639627
다사635626
다사619584
다사621646
다사634628
다사623642
다사624648
다사628649
다사609618
다사640652
다사637607
다사650601
다사631616
다사626656
다사601601
다사632648
다사615654
다사617641
다사617601
다사635580
다사614635
다사642579
다사628596
다사643585
다사603598
다사615637
다사641598
다사640609
다사623636
다사631617
다사635632
다사621609
다사657596
다사609652
다사640635
다사600596
다사632651
다사607600
다사637587
다사643580
다사615638
다사640638
다사606617
다사641630
다사610646
다사616657
다사602601
다사638651
다사636656
다사638592
다사653587
다사622649
다사609584
다사633648
다사601603
다사617644
다사638641
다사630630
다사606631
다사653592
다사642639
다사634632
다사644579
다사604599
다사648593
다사624591
다사641607
다사618653
다사620661
다사641593
다사614638
다사650595
다사631588
다사636621
다사630616
다사641591
다사607656
다사654597
다사640655
다사641654
다사631618
다사619642
다사603595
다사641637
다사616581
다사642631
다사640604
다사642593
다사620658
다사635598
다사626663
다사621634
다사602589
다사638623
다사654596
다사650584
다사627589
다사635648
다사623575
다사601602
다사645601
다사605624
다사633600
다사631660
다사637620
다사639590
다사643637
다사623591
다사631600
다사624594
다사624641
다사628663
다사618598
다사625650
다사642656
다사599591
다사644602
다사634579
다사638598
다사620583
다사612635
다사635601
다사633633
다사634625
다사624608
다사646599
다사641609
다사651606
다사621643
다사650590
다사608651
다사621651
다사613660
다사645581
다사634649
다사639624
다사622617
다사622652
다사608597
다사625599
다사618657
다사649589
다사604598
다사614656
다사635638
다사602639
다사641650
다사607649
다사601595
다사638639
다사608604
다사639614
다사632630
다사641646
다사623633
다사631622
다사627641
다사637594
다사640596
다사626634
다사638616
다사614658
다사614634
다사626576
다사633649
다사615646
다사637642
다사609620
다사646583
다사654606
다사647596
다사613611
다사631592
다사615577
다사601585
다사614591
다사625658
다사644652
다사606649
다사471417
다사469415
다사473373
다사456427
다사470387
다사486389
다사470400
다사473390
다사474381
다사467410
다사468387
다사473417
다사472412
다사475411
다사471391
다사473413
다사476421
다사471406
다사474412
다사475399
다사467399
다사470382
다사472390
다사473374
다사479388
다사472416
다사471405
다사469394
다사472408
다사461395
다사463420
다사481395
다사470415
다사461414
다사458399
다사453429
다사476393
다사461396
다사466397
다사464413
다사458409
다사459395
다사474392
다사478425
다사461422
다사478422
다사477389
다사482395
다사473415
다사460394
다사448427
다사474423
다사475406
다사473412
다사453422
다사473424
다사486391
다사466403
다사471403
다사484389
다사468399
다사477388
다사464400
다사464420
다사473422
다사474396
다사472382
다사487391
다사466409
다사452421
다사457415
다사475401
다사463402
다사464408
다사476390
다사454429
다사458410
다사476383
다사469410
다사473389
다사459408
다사460417
다사481390
다사475388
다사463409
다사468404
다사470385
다사485389
다사473383
다사486392
다사486395
다사482390
다사479392
다사464402
다사472398
다사487393
다사468396
다사472379
다사472397
다사480404
다사461411
다사482392
다사467403
다사458418
다사468406
다사458417
다사467419
다사473405
다사463415
다사468405
다사474413
다사465402
다사471385
다사460396
다사471422
다사467398
다사471419
다사472380
다사477397
다사458416
다사475385
다사477403
다사464422
다사477404
다사474422
다사458412
다사471416
다사474375
다사464415
다사474383
다사467408
다사487390
다사461413
다사473392
다사464417
다사468417
다사472396
다사457399
다사472401
다사474388
다사461420
다사467396
다사480395
다사472402
다사478389
다사465419
다사455424
다사475393
다사481404
다사477420
다사483390
다사458414
다사468422
다사471408
다사460422
다사456416
다사468389
다사469403
다사473384
다사457398
다사491394
다사466404
다사468403
다사475397
다사463410
다사472381
다사459407
다사467413
다사467389
다사474395
다사468398
다사469387
다사473403
다사483393
다사464414
다사470417
다사474374
다사477393
다사467411
다사469420
다사471382
다사473409
다사476397
다사477406
다사488387
다사460418
다사470406
다사470418
다사461409
다사472407
다사475379
다사463400
다사469391
다사471418
다사475394
다사484391
다사463401
다사459413
다사462421
다사478394
다사476396
다사454424
다사463414
다사459417
다사461405
다사466410
다사473419
다사449424
다사462416
다사468388
다사464416
다사473382
다사469386
다사470411
다사470401
다사468409
다사470397
다사474407
다사463408
다사466402
다사468402
다사475384
다사472391
다사473391
다사464409
다사462412
다사471421
다사474390
다사469409
다사478405
다사465408
다사466419
다사470414
다사468421
다사475392
다사459398
다사462403
다사469404
다사470405
다사471383
다사472414
다사484394
다사450429
다사460407
다사479394
다사474424
다사473377
다사478387
다사468407
다사474409
다사469402
다사470379
다사471381
다사463419
다사454427
다사476394
다사478404
다사472378
다사472420
다사478388
다사471413
다사478395
다사466421
다사470377
다사477425
다사478390
다사473411
다사457412
다사460397
다사469411
다사473395
다사478403
다사476389
다사481394
다사470399
다사454428
다사468390
다사479402
다사467421
다사468412
다사454426
다사463421
다사485388
다사449428
다사460420
다사465411
다사453430
다사460409
다사450430
다사463411
다사464419
다사457408
다사471409
다사473414
다사481391
다사468397
다사470390
다사465409
다사473418
다사458407
다사473402
다사477390
다사462423
다사469398
다사477421
다사461419
다사468420
다사456428
다사466401
다사466413
다사467402
다사474402
다사460395
다사462394
다사466414
다사462410
다사470421
다사471410
다사474401
다사466392
다사468413
다사477405
다사458400
다사487389
다사479403
다사470394
다사459415
다사472386
다사474403
다사457416
다사460414
다사466407
다사467417
다사468385
다사471404
다사457418
다사463403
다사465422
다사469416
다사470420
다사464412
다사470409
다사472389
다사474400
다사475421
다사449422
다사447429
다사484395
다사485394
다사475373
다사482393
다사446430
다사460421
다사469421
다사471407
다사475402
다사473406
다사463412
다사471398
다사476401
다사463407
다사464403
다사467420
다사477423
다사462417
다사479393
다사477396
다사472403
다사461423
다사475380
다사465414
다사473393
다사476399
다사484388
다사472417
다사473385
다사478407
다사468401
다사476409
다사468400
다사474398
다사472395
다사478392
다사468416
다사483391
다사471380
다사477387
다사464410
다사469400
다사471401
다사481393
다사460408
다사470393
다사472406
다사475390
다사473388
다사476388
다사450420
다사473386
다사476392
다사473421
다사473399
다사484390
다사460398
다사455428
다사468392
다사462408
다사473404
다사485390
다사475404
다사469392
다사470395
다사470392
다사468391
다사450427
다사455421
다사468394
다사470416
다사463423
다사468395
다사469408
다사467400
다사465418
다사474421
다사476420
다사465421
다사475386
다사473379
다사473416
다사476405
다사470410
다사474393
다사478406
다사471392
다사470383
다사474389
다사474405
다사449423
다사464401
다사474380
다사463422
다사459420
다사479391
다사455416
다사472374
다사461408
다사477424
다사461402
다사475420
다사474410
다사469389
다사475374
다사462395
다사467391
다사476395
다사467406
다사488394
다사475422
다사469406
다사474414
다사480405
다사460406
다사473394
다사469418
다사471411
다사462393
다사472387
다사460404
다사466417
다사467407
다사456424
다사472384
다사474382
다사470389
다사471397
다사460405
다사467409
다사471423
다사474417
다사476402
다사480392
다사481392
다사471379
다사475389
다사474373
다사466418
다사470407
다사476404
다사478393
다사457402
다사461394
다사481403
다사483394
다사467392
다사469412
다사477391
다사476387
다사473375
다사474404
다사465407
다사467395
다사454420
다사460411
다사470402
다사470412
다사473387
다사449430
다사482394
다사476398
다사474419
다사485393
다사453415
다사478420
다사467418
다사465410
다사466391
다사462415
다사450422
다사474418
다사476424
다사470403
다사474391
다사479406
다사487392
다사459418
다사474384
다사468419
다사472404
다사486388
다사469414
다사470398
다사465415
다사476425
다사463413
다사472409
다사460413
다사462414
다사462422
다사469396
다사460416
다사462420
다사452418
다사472383
다사462413
다사475395
다사471393
다사473408
다사471396
다사475382
다사473410
다사457423
다사475409
다사475412
다사476381
다사477392
다사474411
다사476410
다사464407
다사472399
다사484387
다사479395
다사475408
다사471414
다사464418
다사456402
다사473400
다사471402
다사472388
다사462411
다사473381
다사476403
다사479404
다사457403
다사475423
다사461397
다사465398
다사468408
다사472394
다사466405
다사468411
다사451430
다사469401
다사471415
다사471390
다사472423
다사472422
다사479405
다사469385
다사469397
다사475424
다사476422
다사461415
다사471386
다사475381
다사473423
다사464411
다사476423
다사465417
다사467397
다사474415
다사453419
다사468414
다사473398
다사477395
다사472415
다사460423
다사466420
다사459416
다사474379
다사460415
다사471387
다사471399
다사475383
다사470386
다사472421
다사479389
다사480402
다사457401
다사463416
다사485391
다사456422
다사455427
다사469395
다사474387
다사471388
다사470388
다사474385
다사474397
다사479396
다사475407
다사470422
다사474376
다사480394
다사465416
다사466415
다사474420
다사475414
다사474406
다사476400
다사477402
다사462409
다사468410
다사466422
다사476382
다사469384
다사472413
다사469407
다사472400
다사461418
다사473380
다사469405
다사463417
다사471412
다사472393
다사470396
다사475396
다사447426
다사457400
다사469388
다사485387
다사472410
다사466400
다사457417
다사459423
다사475410
다사467414
다사468415
다사475418
다사469390
다사480393
다사470419
다사471420
다사473376
다사450425
다사465412
다사472418
다사472419
다사470413
다사461404
다사464421
다사467405
다사459412
다사459424
다사461403
다사461416
다사466406
다사472405
다사475403
다사482391
다사471389
다사473420
다사474399
다사458415
다사474394
다사470391
다사461412
다사470408
다사472385
다사480391
다사475415
다사457420
다사447427
다사480403
다사465420
다사478421
다사486390
다사450431
다사485395
다사475391
다사453428
다사466416
다사477422
다사475375
다사473407
다사477394
다사486393
다사469413
다사469419
다사475400
다사462419
다사474408
다사462418
다사470380
다사459397
다사470404
다사470423
다사478391
다사474416
다사455413
다사472392
다사475398
다사469422
다사472411
다사476391
다사468386
다사469417
다사471400
다사463418
다사473396
다사471395
다사465401
다사461421
다사471394
다사473401
다사475413
다사461417
다사469399
다사485392
다사466408
다사451425
다사473397
다사482403
다사487398
다사478378
다사478383
다사488384
다사452428
다사470376
다사488385
다사472377
다사451415
다사483386
다사456410
다사445430
다사481387
다사481397
다사462400
다사488396
다사460402
다사457410
다사481407
다사455412
다사461410
다사456414
다사479422
다사456409
다사475416
다사491387
다사480383
다사448420
다사460419
다사459405
다사449427
다사458424
다사463399
다사466399
다사464398
다사490393
다사481401
다사491391
다사447422
다사479421
다사493389
다사454412
다사485385
다사455408
다사465395
다사457421
다사468382
다사480389
다사485386
다사482404
다사469382
다사457405
다사461407
다사469383
다사479420
다사453427
다사481405
다사451416
다사491392
다사465413
다사476417
다사456401
다사464387
다사474386
다사456399
다사473378
다사456420
다사460399
다사476386
다사454417
다사476373
다사479384
다사468423
다사481381
다사488390
다사493393
다사466387
다사491389
다사448426
다사451432
다사467394
다사478401
다사461393
다사484393
다사458423
다사466411
다사479386
다사477417
다사489384
다사488386
다사461400
다사481388
다사490391
다사467404
다사450419
다사489393
다사460403
다사462406
다사487394
다사460410
다사484398
다사479387
다사459421
다사486398
다사482383
다사447428
다사455405
다사451419
다사456408
다사448424
다사459422
다사481396
다사459414
다사471373
다사491390
다사467401
다사459401
다사457424
다사459402
다사475417
다사471376
다사478398
다사452426
다사449429
다사468380
다사478382
다사477407
다사489386
다사477418
다사451424
다사492388
다사464423
다사454413
다사481399
다사483395
다사469381
다사476375
다사453417
다사486399
다사463393
다사453425
다사484396
다사488389
다사478375
다사448429
다사488395
다사456425
다사488398
다사465387
다사488397
다사484384
다사453418
다사467423
다사465396
다사456426
다사477411
다사479398
다사454410
다사468381
다사454414
다사458411
다사454407
다사466395
다사470384
다사480406
다사459409
다사457413
다사467384
다사488383
다사480399
다사453414
다사455420
다사483396
다사447424
다사449421
다사479378
다사478413
다사454415
다사481385
다사457426
다사477381
다사486387
다사465400
다사463395
다사447431
다사485382
다사455406
다사454423
다사452419
다사476414
다사453412
다사465399
다사487388
다사447425
다사461399
다사477386
다사480382
다사461398
다사458398
다사488391
다사469378
다사454422
다사467383
다사490386
다사476411
다사462402
다사468379
다사445428
다사477380
다사478384
다사487381
다사461424
다사461401
다사485397
다사478377
다사476413
다사445431
다사480400
다사448431
다사456400
다사471378
다사472376
다사477409
다사484382
다사478409
다사479419
다사468383
다사464406
다사480390
다사459411
다사481379
다사460401
다사485384
다사480401
다사458404
다사467416
다사480396
다사478424
다사490392
다사466394
다사490389
다사449431
다사479418
다사459425
다사456415
다사478419
다사458422
다사477416
다사455429
다사486383
다사452429
다사477383
다사491388
다사477375
다사476408
다사479401
다사475387
다사485398
다사471375
다사455407
다사449426
다사463398
다사467387
다사481406
다사489391
다사467386
다사486385
다사459400
다사475425
다사457397
다사452427
다사458401
다사475377
다사458405
다사487384
다사479376
다사476416
다사488392
다사447430
다사482386
다사478379
다사477374
다사464399
다사479411
다사476415
다사456407
다사489390
다사456411
다사478408
다사466389
다사459399
다사489385
다사471384
다사467388
다사486396
다사465397
다사467393
다사477414
다사464393
다사456412
다사455418
다사482387
다사451423
다사465404
다사478418
다사492392
다사489395
다사481380
다사450421
다사475376
다사481389
다사479417
다사450426
다사487380
다사482382
다사480380
다사489397
다사450424
다사448421
다사483385
다사456403
다사471424
다사479381
다사492391
다사467390
다사478417
다사479397
다사485381
다사487382
다사460400
다사466390
다사456405
다사478397
다사457425
다사453426
다사450423
다사475419
다사482384
다사449420
다사453420
다사468384
다사479375
다사470378
다사479390
다사456423
다사466388
다사483389
다사476376
다사483387
다사466396
다사480378
다사465386
다사478410
다사484399
다사464405
다사445427
다사477400
다사446425
다사445429
다사486382
다사454418
다사455411
다사489389
다사463405
다사466386
다사455414
다사488388
다사486381
다사469380
다사462404
다사467415
다사457414
다사457427
다사486386
다사446426
다사465403
다사464389
다사489398
다사448425
다사456418
다사463394
다사479385
다사455410
다사482399
다사480409
다사482389
다사452425
다사478381
다사452420
다사484383
다사491393
다사449425
다사447423
다사479399
다사457419
다사492393
다사455415
다사479400
다사444430
다사456413
다사479410
다사462398
다사448430
다사453424
다사469379
다사448422
다사476379
다사483398
다사483382
다사453423
다사462407
다사454421
다사462397
다사465391
다사483381
다사456406
다사483384
다사465406
다사451421
다사454408
다사452422
다사479377
다사482396
다사489394
다사465389
다사478412
다사482398
다사477415
다사463397
다사459419
다사477398
다사478373
다사476380
다사465405
다사458408
다사451431
다사478386
다사489388
다사456419
다사478400
다사475405
다사458419
다사482397
다사478376
다사487386
다사451429
다사484397
다사481398
다사454411
다사452415
다사450418
다사456417
다사450432
다사478374
다사446428
다사446427
다사466393
다사470381
다사477378
다사492389
다사462401
다사458413
다사459396
다사476385
다사481400
다사458397
다사484385
다사467422
다사490394
다사464388
다사452423
다사477399
다사487397
다사480384
다사474377
다사482380
다사452431
다사483399
다사494392
다사481386
다사487383
다사477419
다사494390
다사454419
다사487385
다사459410
다사485383
다사450417
다사477382
다사484386
다사455419
다사464397
다사452413
다사458426
다사476378
다사454430
다사480381
다사451427
다사479382
다사466423
다사464392
다사464391
다사492390
다사490395
다사444429
다사485380
다사476377
다사478411
다사472373
다사451417
다사481408
다사479407
다사477410
다사482381
다사455417
다사480408
다사465394
다사479379
다사459404
다사477408
다사468378
다사489396
다사465393
다사477413
다사484392
다사480386
다사471374
다사483380
다사489392
다사468393
다사471377
다사481383
다사484381
다사477384
다사479408
다사452414
다사486397
다사453431
다사457411
다사482388
다사487396
다사458403
다사456421
다사448428
다사464396
다사480398
다사483392
다사494391
다사459403
다사478402
다사476384
다사472424
다사462405
다사457422
다사489387
다사455422
다사466398
다사458402
다사470424
다사455409
다사451414
다사464394
다사463404
다사486384
다사460412
다사490390
다사451426
다사479409
다사453416
다사493392
다사455425
다사483397
다사480379
다사465423
다사446424
다사458420
다사452430
다사476374
다사454425
다사449418
다사444431
다사467385
다사458425
다사453413
다사449419
다사480388
다사459406
다사455426
다사458406
다사452417
다사480407
다사486394
다사488393
다사465388
다사462399
다사464404
다사487395
다사454406
다사450428
다사469377
다사463396
다사493390
다사478399
다사468418
다사457409
다사490388
다사461406
다사454416
다사457406
다사451422
다사483383
다사464395
다사451418
다사466412
다사465392
다사477377
다사477373
다사478396
다사484380
다사481384
다사480397
다사474378
다사453421
다사451420
다사477385
다사485399
다사453411
다사477412
다사479383
다사492394
다사478385
다사448423
다사455423
다사476419
다사475378
다사480387
다사485396
다사457407
다사458421
다사469393
다사472375
다사490387
다사483388
다사486380
다사480385
다사493391
다사478380
다사465390
다사462396
다사481402
다사477401
다사469423
다사452424
다사476407
다사451428
다사446429
다사479380
다사476406
다사452416
다사476418
다사482385
다사446431
다사482379
다사477379
다사481382
다사467412
다사450416
다사477376
다사463406
다사476412
다사487387
다사460424
다사428439
다사462434
다사436443
다사430451
다사456453
다사447445
다사405445
다사431451
다사461433
다사434440
다사414437
다사424446
다사430445
다사434454
다사432433
다사457457
다사408445
다사432450
다사461425
다사434438
다사450452
다사395439
다사457449
다사459441
다사457460
다사421442
다사430446
다사419428
다사432432
다사403437
다사423447
다사410448
다사416423
다사408449
다사462429
다사417428
다사414431
다사447439
다사453459
다사403449
다사428453
다사431440
다사454459
다사452432
다사431442
다사454443
다사459438
다사432456
다사435449
다사432449
다사464440
다사418447
다사420427
다사451457
다사461438
다사428438
다사468424
다사418438
다사429440
다사417442
다사451455
다사462425
다사434450
다사451456
다사452442
다사463441
다사404441
다사456440
다사432441
다사436445
다사417432
다사426448
다사426453
다사459434
다사404425
다사453444
다사466424
다사469429
다사416441
다사401432
다사431455
다사459442
다사452433
다사424449
다사421428
다사463436
다사438443
다사418450
다사455456
다사428454
다사406443
다사427447
다사456437
다사427435
다사457451
다사414441
다사452440
다사455434
다사461429
다사426446
다사419430
다사415438
다사457432
다사454432
다사462424
다사424428
다사465433
다사400443
다사411444
다사432436
다사407423
다사464441
다사424454
다사464427
다사453430
다사454461
다사408433
다사466433
다사439446
다사457445
다사456428
다사461451
다사433441
다사438449
다사459431
다사456441
다사453435
다사401420
다사465432
다사463434
다사399445
다사417427
다사448454
다사422427
다사425446
다사427430
다사459428
다사458434
다사415425
다사420428
다사426449
다사458455
다사406444
다사460437
다사453432
다사447454
다사448432
다사448453
다사422447
다사461454
다사426451
다사436451
다사410446
다사400422
다사438447
다사413434
다사399447
다사414442
다사433443
다사419436
다사453436
다사410435
다사426431
다사457444
다사401450
다사412434
다사460450
다사412445
다사463439
다사429439
다사439448
다사402440
다사399427
다사452435
다사460434
다사435439
다사456446
다사432435
다사435448
다사449438
다사450434
다사438448
다사437448
다사456457
다사416445
다사423444
다사425455
다사460432
다사454433
다사410447
다사426450
다사400437
다사413427
다사429430
다사413433
다사427449
다사435438
다사399422
다사459457
다사416434
다사460430
다사403426
다사416437
다사454449
다사447431
다사448435
다사430435
다사452450
다사461437
다사458432
다사455458
다사428448
다사449439
다사421427
다사407449
다사423449
다사399426
다사398444
다사408444
다사405448
다사450448
다사462443
다사416440
다사437443
다사419449
다사404444
다사425429
다사414432
다사418437
다사409441
다사461446
다사427431
다사406453
다사453458
다사457438
다사448439
다사461427
다사433450
다사439453
다사421447
다사456460
다사448431
다사410442
다사460435
다사415430
다사423451
다사429450
다사422453
다사452453
다사464433
다사409436
다사418434
다사424443
다사425427
다사420451
다사470428
다사452452
다사458435
다사436448
다사430442
다사447453
다사463432
다사422442
다사424452
다사426436
다사413445
다사418424
다사449435
다사415426
다사425430
다사461426
다사408440
다사413442
다사453434
다사455433
다사398440
다사421451
다사463443
다사456438
다사451453
다사426439
다사445442
다사420450
다사444441
다사465437
다사430443
다사460443
다사400427
다사434451
다사408443
다사458452
다사419435
다사454440
다사459458
다사433455
다사454456
다사459453
다사408448
다사447442
다사419426
다사459432
다사432451
다사432453
다사455441
다사437442
다사453438
다사421426
다사397443
다사442447
다사435452
다사446443
다사409433
다사432443
다사437456
다사410440
다사432457
다사442449
다사425452
다사440447
다사459439
다사462451
다사421446
다사462440
다사449432
다사456434
다사414444
다사452436
다사415427
다사407444
다사431450
다사427446
다사428433
다사407433
다사414433
다사458459
다사430453
다사420442
다사449434
다사457456
다사428440
다사461431
다사399439
다사403432
다사410432
다사460429
다사464424
다사402431
다사420444
다사449457
다사405423
다사455449
다사460427
다사459427
다사457454
다사457452
다사451448
다사454453
다사460436
다사431437
다사422454
다사407451
다사463437
다사399443
다사410441
다사422439
다사395420
다사429452
다사456444
다사428437
다사416424
다사420447
다사428428
다사467431
다사412433
다사430434
다사409444
다사424441
다사428436
다사418444
다사406445
다사415423
다사425431
다사412443
다사423443
다사458453
다사424450
다사406439
다사438453
다사399423
다사433436
다사453453
다사462430
다사456435
다사403446
다사459429
다사462444
다사418427
다사458428
다사403435
다사434453
다사418445
다사427437
다사435440
다사457430
다사448437
다사418439
다사454434
다사399438
다사421453
다사426441
다사436444
다사426433
다사415441
다사410437
다사451443
다사427450
다사462427
다사412431
다사462446
다사408439
다사421455
다사463442
다사460442
다사460456
다사403436
다사461450
다사454442
다사439452
다사401436
다사407446
다사430432
다사445440
다사450453
다사403434
다사429454
다사415437
다사417439
다사431447
다사457434
다사462441
다사403422
다사413444
다사427433
다사423440
다사417436
다사461449
다사431453
다사457429
다사428456
다사407448
다사432454
다사458450
다사408434
다사471429
다사435453
다사458440
다사419452
다사436454
다사428435
다사455431
다사419445
다사455457
다사462455
다사401423
다사447432
다사430454
다사411441
다사458445
다사409439
다사417423
다사469430
다사461434
다사416439
다사417441
다사466432
다사457450
다사429445
다사417434
다사406437
다사436452
다사457439
다사397442
다사458458
다사452454
다사463452
다사458446
다사464439
다사421443
다사426445
다사456433
다사418425
다사458426
다사454430
다사434452
다사429446
다사455446
다사422438
다사466423
다사427440
다사429435
다사433435
다사461435
다사398438
다사457448
다사452455
다사436453
다사418421
다사413436
다사423446
다사449458
다사442448
다사469427
다사412435
다사435445
다사464436
다사452444
다사406436
다사454450
다사401422
다사462450
다사406446
다사456430
다사459436
다사454446
다사420446
다사440450
다사457433
다사431433
다사435441
다사453431
다사419443
다사399442
다사458433
다사416436
다사449445
다사427442
다사453452
다사423453
다사404426
다사416429
다사451458
다사414435
다사413431
다사415440
다사426442
다사408432
다사435446
다사459437
다사463438
다사449442
다사417443
다사417446
다사468431
다사458437
다사416446
다사412440
다사453443
다사455445
다사455461
다사433452
다사397438
다사414434
다사428431
다사465423
다사455439
다사424451
다사408447
다사426427
다사457441
다사461452
다사438450
다사417444
다사456451
다사411439
다사401424
다사427432
다사430449
다사433451
다사409443
다사410436
다사434436
다사430436
다사416426
다사428446
다사455448
다사453433
다사396443
다사414438
다사458454
다사420454
다사432439
다사468430
다사415436
다사462447
다사448449
다사452461
다사451459
다사431443
다사435442
다사425449
다사462433
다사420440
다사459448
다사462432
다사453454
다사436446
다사415424
다사453463
다사435443
다사450456
다사455440
다사454445
다사433444
다사434449
다사417438
다사439450
다사426438
다사453441
다사429431
다사434442
다사463435
다사420437
다사398429
다사448444
다사416435
다사423454
다사458429
다사404443
다사449446
다사406442
다사418422
다사419448
다사459447
다사403441
다사430450
다사420429
다사428447
다사430440
다사428430
다사455450
다사402425
다사397444
다사421440
다사458431
다사437441
다사417435
다사437446
다사428450
다사455432
다사454457
다사447452
다사460425
다사433449
다사424453
다사455443
다사440452
다사457455
다사417451
다사411434
다사425448
다사409438
다사416438
다사460424
다사464437
다사462437
다사399421
다사412444
다사424440
다사439449
다사460428
다사417440
다사421448
다사427429
다사422451
다사456429
다사426435
다사404423
다사427438
다사448452
다사412427
다사449437
다사424455
다사398431
다사422446
다사463425
다사421449
다사434446
다사456439
다사452438
다사418428
다사429438
다사431441
다사404445
다사421452
다사442452
다사400423
다사430439
다사403442
다사414443
다사408435
다사457442
다사453442
다사414446
다사417449
다사400438
다사417422
다사409446
다사428442
다사421444
다사430437
다사427441
다사408441
다사429448
다사420438
다사419442
다사460452
다사449456
다사425432
다사401433
다사458430
다사470429
다사450457
다사450454
다사456447
다사450449
다사432442
다사430444
다사436441
다사458460
다사424444
다사417433
다사414425
다사448456
다사403450
다사464435
다사447438
다사430433
다사404433
다사399428
다사412441
다사414440
다사418420
다사419450
다사416425
다사423439
다사411442
다사404447
다사461436
다사419441
다사462435
다사406441
다사400428
다사428444
다사429453
다사439447
다사453451
다사462453
다사410449
다사452446
다사432440
다사422455
다사454439
다사453445
다사404424
다사440442
다사413441
다사425447
다사420449
다사456459
다사461443
다사410433
다사439451
다사407432
다사416427
다사450447
다사435444
다사417447
다사452462
다사459444
다사453439
다사437451
다사402421
다사404434
다사426437
다사455437
다사450451
다사425450
다사397420
다사417431
다사403423
다사422428
다사425454
다사405447
다사464423
다사404422
다사397439
다사433437
다사458438
다사416433
다사428457
다사423442
다사433433
다사417430
다사425439
다사427455
다사413435
다사432437
다사431445
다사468426
다사429456
다사405435
다사408442
다사422450
다사413440
다사448443
다사429442
다사462449
다사416428
다사403424
다사414426
다사432452
다사453437
다사417448
다사455447
다사425441
다사461428
다사428452
다사438442
다사464438
다사436447
다사437440
다사401421
다사401427
다사437447
다사402424
다사424427
다사398421
다사459451
다사448440
다사456442
다사462439
다사419438
다사465436
다사462442
다사452458
다사403440
다사461432
다사455453
다사427439
다사401444
다사404437
다사454431
다사409435
다사425453
다사431444
다사426440
다사411449
다사399430
다사436437
다사432444
다사449455
다사437450
다사416432
다사458444
다사432447
다사460453
다사407435
다사402423
다사440451
다사418430
다사458449
다사459435
다사415428
다사423450
다사431439
다사465425
다사425440
다사436455
다사461424
다사416444
다사430431
다사453440
다사458448
다사441448
다사399444
다사459424
다사419447
다사446450
다사454437
다사460438
다사402449
다사457437
다사429436
다사433440
다사466426
다사462438
다사431435
다사418423
다사423452
다사407442
다사421439
다사457459
다사399431
다사421450
다사451449
다사451452
다사450458
다사452441
다사426434
다사407447
다사426432
다사449431
다사453446
다사459425
다사460451
다사456449
다사428449
다사428455
다사428451
다사430441
다사455429
다사432434
다사454441
다사440449
다사464432
다사407443
다사435454
다사402443
다사445441
다사423438
다사448438
다사460440
다사400421
다사426429
다사430452
다사454438
다사401443
다사456436
다사404446
다사400426
다사431431
다사401425
다사419444
다사402439
다사454444
다사434439
다사401437
다사467425
다사429434
다사446444
다사419429
다사411433
다사460454
다사400429
다사431434
다사424442
다사467432
다사448436
다사426455
다사454454
다사468425
다사433438
다사458439
다사459452
다사416443
다사409440
다사401435
다사447441
다사433456
다사435450
다사431449
다사447440
다사395441
다사415439
다사403425
다사427427
다사460447
다사431454
다사455435
다사454435
다사402432
다사452447
다사398437
다사407445
다사447443
다사462436
다사396444
다사450459
다사410439
다사459454
다사448448
다사447444
다사428432
다사422440
다사423441
다사448455
다사414430
다사461442
다사426456
다사411440
다사427445
다사460426
다사427434
다사399425
다사457428
다사428443
다사397441
다사412442
다사462448
다사413443
다사418452
다사460441
다사409437
다사431452
다사417425
다사456443
다사467424
다사455444
다사460444
다사408436
다사418441
다사459430
다사396442
다사421454
다사407439
다사401440
다사458427
다사402436
다사414445
다사415446
다사461445
다사438446
다사466434
다사429433
다사460433
다사396419
다사459440
다사430447
다사460439
다사433453
다사456450
다사418448
다사418443
다사431438
다사425451
다사403443
다사422449
다사455460
다사409448
다사427436
다사433434
다사457427
다사449453
다사430438
다사438441
다사459443
다사460458
다사417424
다사411443
다사419446
다사415433
다사460431
다사419427
다사419437
다사464430
다사420448
다사427428
다사454448
다사403448
다사425437
다사423455
다사431432
다사415444
다사415435
다사402435
다사438444
다사462426
다사414429
다사456432
다사399429
다사448445
다사404435
다사458447
다사445443
다사451460
다사431448
다사459445
다사449449
다사436450
다사458443
다사424448
다사409432
다사415442
다사427454
다사452459
다사422445
다사398430
다사429432
다사436438
다사455442
다사461447
다사430455
다사400439
다사456431
다사434437
다사418435
다사407438
다사425436
다사432438
다사422444
다사452457
다사421445
다사429437
다사413432
다사398439
다사405446
다사428434
다사452431
다사429441
다사458436
다사444440
다사457440
다사433454
다사463453
다사429443
다사420439
다사429447
다사450455
다사401438
다사417445
다사452439
다사448450
다사456448
다사459433
다사417437
다사455454
다사466425
다사468427
다사403439
다사432455
다사457458
다사402444
다사448442
다사424456
다사469426
다사415429
다사418449
다사426430
다사420443
다사452434
다사414436
다사407436
다사460445
다사440448
다사463433
다사449452
다사413425
다사428445
다사459449
다사419439
다사429451
다사409434
다사422448
다사453462
다사408438
다사409447
다사457435
다사457436
다사461441
다사456456
다사424447
다사449454
다사431446
다사407450
다사438445
다사395442
다사410434
다사430448
다사434435
다사426447
다사469428
다사419451
다사457446
다사459459
다사433439
다사452437
다사463440
다사396418
다사435451
다사416431
다사452445
다사465435
다사400444
다사426428
다사424431
다사426443
다사431436
다사437449
다사436442
다사407441
다사434443
다사458425
다사452460
다사413438
다사433442
다사453457
다사415434
다사432448
다사456445
다사462452
다사427456
다사415443
다사406447
다사429455
다사446438
다사407440
다사421438
다사402433
다사418446
다사447437
다사456452
다사457443
다사397440
다사455436
다사460448
다사459426
다사401439
다사416442
다사458442
다사455455
다사432445
다사454436
다사428441
다사437452
다사454458
다사449436
다사408446
다사415445
다사402442
다사422443
다사428429
다사394420
다사395419
다사458457
다사456461
다사412432
다사438452
다사429449
다사415431
다사413446
다사452443
다사422452
다사420445
다사434441
다사418442
다사410428
다사455428
다사436440
다사461439
다사458451
다사455451
다사457447
다사463423
다사418451
다사437445
다사459446
다사423448
다사427448
다사452456
다사457431
다사446439
다사400440
다사409442
다사404427
다사418436
다사451442
다사448441
다사441449
다사417450
다사455430
다사467426
다사435437
다사420453
다사463424
다사426452
다사455459
다사438451
다사424432
다사400442
다사404421
다사401454
다사419425
다사462454
다사406427
다사444443
다사446447
다사415449
다사404429
다사407428
다사397419
다사409422
다사444452
다사405424
다사421422
다사459460
다사421441
다사449459
다사419434
다사393442
다사403430
다사440439
다사401448
다사397418
다사443440
다사459450
다사403454
다사405456
다사439441
다사412428
다사405455
다사421456
다사404438
다사405454
다사465428
다사420425
다사398427
다사399446
다사397421
다사407424
다사425433
다사419423
다사410421
다사414419
다사468423
다사463446
다사445448
다사449440
다사407437
다사451436
다사448459
다사415452
다사402437
다사418429
다사466427
다사409426
다사450437
다사424437
다사444442
다사444450
다사406424
다사402450
다사411421
다사405425
다사401451
다사404432
다사455452
다사460446
다사443449
다사415447
다사427452
다사427458
다사426458
다사460459
다사399424
다사409427
다사454447
다사410444
다사446455
다사432431
다사444437
다사450435
다사412437
다사447446
다사439442
다사412446
다사414449
다사403427
다사450445
다사436436
다사445447
다사406435
다사423427
다사451461
다사413424
다사437453
다사431457
다사412449
다사404431
다사404449
다사405436
다사410430
다사463448
다사452463
다사404440
다사414427
다사411445
다사415421
다사445434
다사403421
다사411446
다사397445
다사415420
다사468429
다사420441
다사436449
다사411420
다사422426
다사447447
다사449448
다사457426
다사393444
다사443445
다사405440
다사398449
다사463444
다사421425
다사464444
다사465439
다사405422
다사402446
다사470427
다사447457
다사447449
다사461455
다사395421
다사415432
다사465426
다사411429
다사401441
다사399440
다사443439
다사433448
다사445444
다사439443
다사458461
다사444447
다사407455
다사421433
다사465429
다사409452
다사444436
다사423436
다사447450
다사408437
다사443452
다사423430
다사406425
다사447456
다사401447
다사454462
다사429444
다사450464
다사393440
다사418453
다사442446
다사405437
다사430458
다사408425
다사463456
다사444438
다사411438
다사450441
다사460460
다사464426
다사463445
다사401442
다사411428
다사450436
다사442436
다사407456
다사420419
다사443450
다사410450
다사401456
다사459456
다사419422
다사444453
다사462458
다사446445
다사441440
다사401453
다사402420
다사402453
다사466435
다사451440
다사422436
다사429429
다사412419
다사438437
다사461423
다사413421
다사421419
다사421436
다사463427
다사402428
다사404451
다사461453
다사398419
다사450460
다사412436
다사411418
다사413423
다사418440
다사433446
다사409424
다사462431
다사406449
다사454460
다사441439
다사442439
다사408431
다사400455
다사406457
다사444448
다사402430
다사407434
다사413437
다사452449
다사396421
다사456427
다사435455
다사446454
다사410443
다사465438
다사419418
다사402456
다사404442
다사445445
다사401446
다사422437
다사451462
다사405451
다사423434
다사439439
다사467433
다사411448
다사437444
다사409423
다사423431
다사413439
다사434444
다사399441
다사463447
다사422456
다사418431
다사396423
다사416451
다사423432
다사425443
다사403451
다사402448
다사394439
다사411422
다사398443
다사425444
다사445438
다사404455
다사463451
다사422429
다사413420
다사464443
다사408423
다사416448
다사451454
다사453465
다사420452
다사395422
다사449444
다사403445
다사453455
다사452451
다사397437
다사445449
다사406433
다사446436
다사407422
다사417419
다사430430
다사414450
다사395444
다사407430
다사419419
다사421420
다사425457
다사414424
다사424445
다사447451
다사447455
다사408430
다사408427
다사471430
다사451447
다사402455
다사420422
다사450438
다사400453
다사439445
다사446440
다사408451
다사395438
다사440444
다사412426
다사413422
다사412423
다사412418
다사416453
다사437438
다사464428
다사416450
다사400432
다사420421
다사427444
다사442445
다사443451
다사464445
다사406448
다사422435
다사412422
다사457462
다사401426
다사451451
다사446453
다사424429
다사456458
다사427451
다사402452
다사407429
다사422433
다사450465
다사404453
다사444449
다사442437
다사409449
다사416421
다사472429
다사407426
다사446434
다사464425
다사427453
다사417426
다사448446
다사395440
다사461448
다사449450
다사456462
다사450461
다사461456
다사431456
다사440446
다사404420
다사417421
다사394418
다사407425
다사425426
다사403456
다사392442
다사416430
다사406451
다사419432
다사397424
다사406454
다사437437
다사428427
다사450431
다사451437
다사409445
다사407421
다사451445
다사400445
다사395445
다사408453
다사435435
다사413430
다사461459
다사461430
다사469425
다사462445
다사411437
다사441443
다사420430
다사405442
다사446456
다사421431
다사447448
다사466436
다사408429
다사406434
다사420436
다사458441
다사405420
다사450443
다사449462
다사418432
다사403429
다사403447
다사419420
다사448462
다사464452
다사405434
다사453464
다사450440
다사428459
다사400449
다사434434
다사407453
다사396439
다사441450
다사409429
다사448451
다사403452
다사420434
다사417420
다사469431
다사410425
다사421432
다사402454
다사406422
다사395418
다사398447
다사446458
다사425434
다사439437
다사456455
다사451450
다사454464
다사407454
다사460449
다사422430
다사435447
다사429457
다사408450
다사424438
다사434448
다사446449
다사447435
다사449447
다사432446
다사463455
다사427459
다사464453
다사452466
다사444444
다사412424
다사429458
다사448460
다사422457
다사400425
다사413449
다사451434
다사441441
다사406450
다사404454
다사413419
다사424439
다사444446
다사451464
다사411419
다사459455
다사434433
다사454429
다사410445
다사448434
다사396417
다사405433
다사453448
다사403433
다사398448
다사401428
다사411430
다사412447
다사465430
다사419421
다사464429
다사423457
다사444439
다사414420
다사451435
다사447458
다사402427
다사399432
다사470430
다사424435
다사406430
다사440440
다사453447
다사436439
다사446448
다사425442
다사451432
다사406432
다사398441
다사420424
다사408454
다사415448
다사443435
다사446457
다사441451
다사441445
다사399437
다사398425
다사412450
다사410424
다사466430
다사443443
다사426457
다사416420
다사396441
다사425456
다사396420
다사467428
다사396422
다사421435
다사451438
다사467429
다사425445
다사443436
다사405426
다사420432
다사394421
다사413450
다사392443
다사408428
다사449443
다사447459
다사445446
다사428458
다사437439
다사453461
다사467423
다사425458
다사408426
다사424434
다사460455
다사456454
다사393419
다사408424
다사453460
다사400431
다사450439
다사405438
다사438440
다사459461
다사440441
다사448433
다사446446
다사450444
다사433457
다사454455
다사427457
다사451433
다사425435
다사420420
다사455438
다사393445
다사405431
다사410431
다사409428
다사442450
다사432458
다사401449
다사398420
다사396445
다사457461
다사448447
다사394443
다사468432
다사461457
다사466431
다사443444
다사446459
다사410422
다사413428
다사419424
다사402451
다사451465
다사410452
다사411447
다사410426
다사399448
다사433447
다사414447
다사443438
다사403444
다사413451
다사400450
다사440443
다사448458
다사420431
다사416452
다사414428
다사442451
다사421434
다사400441
다사470426
다사393441
다사450446
다사461444
다사409451
다사458456
다사398446
다사416447
다사400436
다사449461
다사418433
다사443447
다사443441
다사412448
다사452464
다사420423
다사394441
다사449441
다사451466
다사401434
다사412439
다사412421
다사440453
다사454463
다사454452
다사396440
다사403453
다사423433
다사457453
다사411432
다사397446
다사400424
다사435436
다사472430
다사453456
다사410429
다사462428
다사462423
다사465434
다사465440
다사401452
다사411451
다사447430
다사442442
다사394442
다사424436
다사403455
다사411427
다사415422
다사470431
다사406429
다사433432
다사405453
다사401431
다사427426
다사450442
다사441447
다사398422
다사447460
다사414422
다사419440
다사443448
다사406423
다사405443
다사408422
다사400419
다사398426
다사402441
다사405421
다사410423
다사406456
다사441444
다사402429
다사442453
다사412438
다사453449
다사406438
다사394445
다사404450
다사421423
다사442440
다사452465
다사406428
다사404428
다사406431
다사405450
다사410427
다사405427
다사398423
다사400430
다사421430
다사452448
다사466429
다사424433
다사413429
다사421429
다사400452
다사422441
다사442444
다사463429
다사412429
다사446441
다사434447
다사413426
다사426454
다사449433
다사413448
다사419431
다사406452
다사402434
다사416422
다사450466
다사445437
다사418419
다사453450
다사399436
다사417452
다사411436
다사427443
다사424430
다사411450
다사420433
다사443442
다사411435
다사422432
다사414448
다사402447
다사440438
다사455462
다사465427
다사401429
다사405457
다사409453
다사441446
다사406426
다사406420
다사414451
다사411426
다사463449
다사410438
다사414421
다사451444
다사401430
다사464431
다사462457
다사449451
다사451431
다사429428
다사405432
다사420455
다사442438
다사438439
다사406455
다사411431
다사467430
다사446452
다사401445
다사420418
다사425428
다사421418
다사423445
다사419433
다사450463
다사463454
다사423429
다사417454
다사415450
다사450432
다사421421
다사447434
다사446437
다사465424
다사445450
다사416449
다사462456
다사405428
다사468428
다사420435
다사394419
다사451441
다사401455
다사405429
다사439440
다사461440
다사443437
다사412425
다사450462
다사411425
다사398442
다사408456
다사430456
다사430457
다사444445
다사415451
다사398424
다사400420
다사413447
다사449463
다사408455
다사423456
다사405430
다사448457
다사397423
다사439444
다사442443
다사393443
다사444435
다사409430
다사422431
다사420426
다사440445
다사404436
다사422434
다사415419
다사402438
다사398428
다사412420
다사461458
다사443453
다사451463
다사399449
다사394444
다사414423
다사404448
다사467427
다사426444
다사434455
다사425438
다사450433
다사460457
다사405449
다사417453
다사407452
다사409425
다사439438
다사445451
다사454451
다사463426
다사400446
다사402445
다사396438
다사443446
다사407427
다사416419
다사444451
다사410451
다사411424
다사424457
다사446435
다사404430
다사423435
다사446451
다사403438
다사406421
다사409450
다사411423
다사394440
다사447436
다사433445
다사464446
다사464442
다사421437
다사402426
다사409431
다사402422
다사420417
다사403428
다사437455
다사406440
다사404452
다사446442
다사445439
다사463430
다사407431
다사419453
다사438438
다사445436
다사442441
다사441442
다사423437
다사466428
다사404456
다사403431
다사426426
다사405441
다사450450
다사464434
다사441452
다사397422
다사405452
다사405439
다사451446
다사463428
다사471428
다사421424
다사400451
다사434445
다사445435
다사449460
다사417429
다사405444
다사418426
다사400448
다사463450
다사395443
다사423428
다사400447
다사412430
다사404457
다사455463
다사465431
다사398445
다사451439
다사404439
다사408452
다사448461
다사414439
다사463431
다사628508
다사636494
다사622494
다사622510
다사630485
다사626479
다사631522
다사635513
다사632483
다사627503
다사633482
다사614491
다사625513
다사633494
다사644492
다사630524
다사618489
다사631489
다사645490
다사629484
다사651495
다사615483
다사626517
다사631509
다사641504
다사627478
다사627506
다사638514
다사628506
다사633495
다사640506
다사642512
다사647489
다사623510
다사642513
다사615489
다사626505
다사637501
다사634477
다사638485
다사638498
다사640498
다사636502
다사619483
다사634493
다사626487
다사634516
다사625480
다사629480
다사629487
다사631520
다사631524
다사624481
다사638512
다사636510
다사621498
다사623486
다사620480
다사620482
다사643502
다사647501
다사635495
다사621496
다사618486
다사635522
다사633489
다사639489
다사624482
다사624508
다사627484
다사621487
다사635482
다사638480
다사655501
다사634513
다사630510
다사639490
다사631494
다사655502
다사624499
다사638486
다사625479
다사649497
다사628477
다사642501
다사629479
다사632485
다사621504
다사626516
다사634495
다사648495
다사628510
다사635512
다사635507
다사622486
다사636523
다사625496
다사628479
다사647498
다사619500
다사630522
다사630481
다사628524
다사633505
다사626497
다사641493
다사627521
다사624507
다사642510
다사643506
다사629519
다사648497
다사623497
다사629523
다사642509
다사620495
다사629478
다사640489
다사632523
다사630521
다사632517
다사639484
다사614490
다사616493
다사651493
다사636517
다사641491
다사636505
다사632495
다사637520
다사636509
다사633522
다사635504
다사622499
다사631492
다사627520
다사635487
다사642492
다사637494
다사633493
다사628507
다사637490
다사635510
다사627495
다사615494
다사640491
다사633506
다사647494
다사655499
다사620493
다사624478
다사633488
다사636518
다사617487
다사631525
다사614488
다사615487
다사632516
다사643505
다사653500
다사636522
다사621482
다사637499
다사635523
다사638509
다사631487
다사630487
다사635508
다사649500
다사643486
다사632479
다사647499
다사616494
다사618501
다사642507
다사624479
다사615488
다사624510
다사618487
다사615492
다사637496
다사619490
다사630494
다사631482
다사631477
다사631495
다사618485
다사630519
다사634512
다사637508
다사643487
다사647490
다사620486
다사631483
다사645494
다사644505
다사619489
다사650492
다사654500
다사630505
다사641487
다사634496
다사631511
다사636489
다사637492
다사619502
다사630509
다사612484
다사616485
다사634490
다사646491
다사638490
다사619491
다사622501
다사634500
다사628505
다사620490
다사630514
다사626509
다사643504
다사654498
다사625483
다사651494
다사625509
다사637510
다사618482
다사627513
다사652501
다사630520
다사629520
다사640510
다사631504
다사638499
다사623505
다사638502
다사623484
다사632507
다사636482
다사637485
다사628518
다사629490
다사624489
다사639498
다사614485
다사614487
다사632494
다사634521
다사631515
다사625484
다사633516
다사639492
다사627486
다사641500
다사635492
다사624498
다사631517
다사622507
다사635479
다사636500
다사619482
다사620505
다사621492
다사625512
다사632480
다사642504
다사634487
다사634523
다사628487
다사625504
다사636491
다사637503
다사632520
다사639483
다사637495
다사635496
다사644507
다사627479
다사643514
다사624495
다사630523
다사650498
다사623482
다사625488
다사635516
다사627480
다사636508
다사626483
다사631490
다사635503
다사643490
다사634504
다사620487
다사626507
다사618492
다사636479
다사638503
다사638482
다사629524
다사624512
다사623511
다사611484
다사640502
다사632522
다사625514
다사624503
다사625489
다사642494
다사617484
다사626518
다사640504
다사642485
다사612483
다사612486
다사617488
다사626514
다사650495
다사628520
다사643513
다사653498
다사614492
다사652498
다사627512
다사633524
다사630513
다사633481
다사622500
다사633519
다사630482
다사631518
다사630525
다사624511
다사634507
다사641508
다사619481
다사634505
다사632505
다사633491
다사636493
다사621502
다사634488
다사638492
다사632486
다사632521
다사650496
다사626495
다사628523
다사630495
다사621493
다사641489
다사645492
다사620498
다사638520
다사633514
다사617490
다사638504
다사628484
다사632484
다사640500
다사624509
다사635494
다사627510
다사616489
다사621486
다사641507
다사631513
다사637506
다사638489
다사644504
다사626488
다사631505
다사618498
다사636492
다사654499
다사618490
다사622498
다사648499
다사640511
다사637502
다사633504
다사627481
다사620485
다사631516
다사634509
다사621503
다사632488
다사632478
다사643493
다사631486
다사621497
다사625508
다사615481
다사627477
다사640501
다사638507
다사620496
다사626482
다사630508
다사630516
다사647493
다사614482
다사628478
다사623496
다사625486
다사638511
다사644487
다사622508
다사626515
다사635514
다사623506
다사625481
다사628511
다사632477
다사635493
다사625507
다사632492
다사639485
다사624506
다사626520
다사632506
다사618500
다사630511
다사643492
다사630486
다사619494
다사627488
다사634480
다사628513
다사637484
다사637493
다사617496
다사643507
다사634503
다사625516
다사634510
다사622483
다사618497
다사633492
다사634511
다사626489
다사648498
다사640508
다사628496
다사638495
다사611485
다사622503
다사642508
다사623481
다사649491
다사651497
다사635518
다사632487
다사643503
다사620481
다사634497
다사634508
다사639497
다사625485
다사617493
다사625482
다사638506
다사616496
다사620497
다사641494
다사620494
다사622495
다사626513
다사615482
다사630512
다사633503
다사635488
다사638493
다사618499
다사624514
다사631485
다사642493
다사614489
다사620503
다사629483
다사646490
다사620504
다사634524
다사637486
다사632504
다사622488
다사630506
다사651499
다사621483
다사626519
다사644488
다사614486
다사637514
다사638496
다사633523
다사625510
다사626512
다사641490
다사650497
다사634506
다사635498
다사619495
다사620483
다사622497
다사623507
다사629516
다사631484
다사631521
다사646492
다사644501
다사647502
다사625506
다사621505
다사638488
다사613485
다사623480
다사626511
다사630483
다사638491
다사642505
다사644494
다사636506
다사636520
다사641501
다사621485
다사617492
다사630489
다사630517
다사653499
다사631510
다사635490
다사631512
다사636483
다사629481
다사632489
다사633496
다사637491
다사634482
다사615486
다사630504
다사637500
다사641512
다사622509
다사615485
다사619496
다사627516
다사628512
다사631507
다사638508
다사621481
다사629513
다사642506
다사643494
다사635489
다사646499
다사619501
다사635517
다사652500
다사619485
다사646494
다사618481
다사623513
다사636511
다사635491
다사639512
다사617489
다사631481
다사637511
다사621491
다사634517
다사635497
다사625505
다사635499
다사634514
다사637521
다사633510
다사613486
다사648494
다사627509
다사632509
다사624488
다사647492
다사639508
다사615484
다사621495
다사633497
다사636496
다사644491
다사639493
다사632524
다사613490
다사637498
다사625495
다사628480
다사649494
다사624497
다사616481
다사653502
다사638487
다사620484
다사620501
다사623509
다사631506
다사619484
다사639486
다사653497
다사624480
다사641510
다사617498
다사636480
다사613489
다사628489
다사634481
다사635480
다사618488
다사622506
다사628522
다사629509
다사615491
다사627504
다사632481
다사637509
다사642514
다사645493
다사615493
다사627508
다사620502
다사629512
다사629477
다사629505
다사618491
다사627517
다사648493
다사627487
다사643509
다사635521
다사636524
다사627515
다사619493
다사626503
다사642487
다사622480
다사629511
다사632525
다사636514
다사645501
다사636481
다사637483
다사628482
다사632490
다사633500
다사652494
다사632493
다사640487
다사652499
다사631488
다사639494
다사639501
다사640484
다사637504
다사651498
다사620491
다사649501
다사627519
다사644489
다사632510
다사638494
다사617483
다사629506
다사629514
다사645491
다사641502
다사630479
다사632508
다사633478
다사650500
다사647495
다사649499
다사633515
다사636512
다사617486
다사623479
다사629485
다사640490
다사633477
다사627518
다사631478
다사638513
다사638505
다사641503
다사627482
다사648502
다사622502
다사639491
다사627496
다사629510
다사632518
다사633479
다사640512
다사627511
다사632491
다사623483
다사627505
다사629482
다사633487
다사638484
다사631508
다사644490
다사628514
다사654502
다사621500
다사653501
다사630490
다사631514
다사629518
다사635506
다사633480
다사642489
다사637488
다사616483
다사649492
다사612485
다사622487
다사631491
다사627514
다사652497
다사632482
다사619499
다사639509
다사640494
다사619503
다사629507
다사626484
다사637507
다사621501
다사631480
다사641488
다사625515
다사636490
다사616492
다사648496
다사622505
다사614483
다사626481
다사628519
다사631519
다사633490
다사650493
다사635483
다사649498
다사649493
다사644502
다사624513
다사628488
다사642490
다사649495
다사643512
다사617495
다사628525
다사633486
다사633511
다사653504
다사634515
다사639506
다사632513
다사626506
다사629504
다사632519
다사646501
다사621484
다사616482
다사612487
다사651500
다사628516
다사629489
다사630515
다사639488
다사655503
다사619487
다사650494
다사620488
다사630484
다사623498
다사645506
다사644486
다사620500
다사633499
다사624487
다사631479
다사633512
다사629517
다사634483
다사635500
다사636499
다사636507
다사617497
다사621506
다사630493
다사632514
다사623495
다사630480
다사616484
다사641499
다사619498
다사635524
다사621480
다사625511
다사642511
다사632512
다사636504
다사615490
다사616486
다사639502
다사639507
다사633509
다사635515
다사637513
다사640503
다사634499
다사636515
다사639500
다사629486
다사629488
다사638510
다사624483
다사633521
다사618495
다사622504
다사656507
다사643501
다사630477
다사644493
다사633508
다사636521
다사624496
다사631476
다사645488
다사648500
다사645489
다사634498
다사616495
다사637489
다사635519
다사637497
다사638500
다사640482
다사641506
다사625497
다사639511
다사622496
다사637479
다사650499
다사630507
다사648492
다사651501
다사628521
다사627507
다사634494
다사641492
다사639504
다사623487
다사642503
다사629522
다사630478
다사624485
다사628517
다사622481
다사620499
다사621494
다사629525
다사633507
다사618484
다사635505
다사639510
다사623508
다사618493
다사617494
다사652502
다사619488
다사627483
다사632515
다사637505
다사640492
다사634522
다사640509
다사655500
다사616490
다사644506
다사642502
다사654497
다사638483
다사640493
다사627485
다사634489
다사638501
다사614484
다사628504
다사624504
다사635481
다사640485
다사636501
다사651502
다사628483
다사628486
다사619480
다사618483
다사626504
다사656503
다사626496
다사619492
다사633520
다사641505
다사645487
다사622482
다사654503
다사628485
다사634519
다사640488
다사646493
다사637512
다사649496
다사627489
다사633513
다사634491
다사632511
다사630488
다사625487
다사617491
다사618496
다사654501
다사618494
다사636488
다사636498
다사640507
다사635520
다사636495
다사622479
다사626510
다사629508
다사638481
다사640499
다사626508
다사636516
다사625503
다사626480
다사639503
다사613483
다사626485
다사630492
다사635509
다사626486
다사641509
다사619497
다사613484
다사623501
다사623500
다사640505
다사628515
다사629515
다사642488
다사617482
다사639499
다사629521
다사638497
다사643488
다사642491
다사628481
다사631523
다사630518
다사631493
다사643489
다사636513
다사639505
다사641511
다사616491
다사625478
다사616487
다사634492
다사616488
다사624486
다사617485
다사620492
다사624505
다사621507
다사636497
다사621499
다사635511
다사634520
다사633517
다사624475
다사629496
다사634484
다사628502
다사610476
다사652490
다사651506
다사639514
다사641523
다사644495
다사643516
다사630503
다사629471
다사616479
다사645518
다사646508
다사655495
다사629497
다사658508
다사625492
다사645516
다사635486
다사615475
다사622493
다사627502
다사617474
다사647518
다사644520
다사640496
다사630502
다사648504
다사634473
다사632503
다사654495
다사619473
다사636519
다사613481
다사640521
다사629500
다사655510
다사633525
다사639487
다사632500
다사643481
다사625500
다사617499
다사649505
다사612479
다사619486
다사612488
다사623485
다사648486
다사646485
다사616476
다사640516
다사632475
다사626493
다사642524
다사644510
다사626491
다사647526
다사649509
다사642515
다사621489
다사655505
다사655504
다사623499
다사622491
다사643520
다사626478
다사620473
다사642516
다사625477
다사643517
다사623476
다사628494
다사640515
다사645522
다사641522
다사648526
다사659505
다사624518
다사650489
다사647517
다사638515
다사639523
다사624491
다사646511
다사629493
다사641521
다사645495
다사618478
다사621508
다사625498
다사652509
다사652506
다사642486
다사617479
다사634501
다사615473
다사639518
다사633483
다사614480
다사624519
다사648491
다사654492
다사638521
다사644512
다사637475
다사618479
다사648488
다사641498
다사617475
다사621472
다사611480
다사623494
다사645484
다사641486
다사640486
다사652493
다사645509
다사644513
다사648508
다사645523
다사640522
다사622484
다사643521
다사623514
다사653494
다사624502
다사649488
다사614477
다사645497
다사618473
다사657510
다사623488
다사635501
다사630496
다사648524
다사636484
다사639517
다사645513
다사625473
다사619477
다사610480
다사640520
다사649507
다사619478
다사626473
다사653495
다사614478
다사613478
다사624472
다사637480
다사624517
다사641513
다사613475
다사645499
다사610478
다사622514
다사651496
다사646502
다사637517
다사626522
다사650501
다사638479
다사640479
다사640514
다사650488
다사645507
다사617476
다사627525
다사632476
다사637478
다사643483
다사623477
다사648519
다사649520
다사623490
다사649519
다사647486
다사626477
다사648507
다사660508
다사640519
다사609479
다사643510
다사608480
다사639513
다사633476
다사635477
다사624494
다사618476
다사631497
다사630501
다사639520
다사649511
다사617473
다사631502
다사625502
다사642520
다사630491
다사624492
다사647514
다사611476
다사620506
다사635475
다사646514
다사645505
다사655506
다사641517
다사641484
다사639522
다사623502
다사628491
다사645485
다사640523
다사642497
다사628509
다사627473
다사626523
다사641481
다사624476
다사617477
다사658507
다사613491
다사636478
다사644509
다사652505
다사630497
다사648520
다사632474
다사641479
다사629491
다사647520
다사622474
다사646497
다사619472
다사635484
다사639495
다사659508
다사657507
다사644515
다사657506
다사623474
다사652507
다사656501
다사653508
다사656505
다사646507
다사627524
다사636476
다사644511
다사626498
다사621473
다사641480
다사646526
다사615477
다사644496
다사623515
다사635478
다사637515
다사636475
다사625494
다사644497
다사623517
다사636503
다사643525
다사658509
다사648522
다사637487
다사644525
다사633501
다사628501
다사636477
다사657505
다사631475
다사640480
다사628492
다사642500
다사656497
다사636485
다사642519
다사641520
다사647508
다사647487
다사645514
다사625493
다사647500
다사629473
다사631500
다사649490
다사616478
다사650524
다사648516
다사626490
다사608479
다사643491
다사648503
다사653493
다사649504
다사643519
다사619476
다사613487
다사639515
다사646516
다사653496
다사627491
다사618472
다사651504
다사656504
다사634478
다사646524
다사642518
다사634502
다사637519
다사648490
다사632472
다사622478
다사645526
다사646512
다사652508
다사647510
다사619475
다사654493
다사628476
다사632473
다사643508
다사647525
다사657503
다사646496
다사634486
다사623516
다사637516
다사646505
다사612475
다사630500
다사654510
다사646517
다사638478
다사616475
다사639496
다사634479
다사655508
다사649503
다사623493
다사624516
다사643518
다사623491
다사647504
다사645520
다사611482
다사620472
다사633484
다사628493
다사657502
다사652495
다사656510
다사648509
다사627476
다사630475
다사639482
다사656509
다사642498
다사628499
다사647524
다사641495
다사638476
다사646518
다사626474
다사635485
다사646503
다사633473
다사613482
다사622490
다사619504
다사642482
다사625474
다사651491
다사646525
다사615480
다사653503
다사609482
다사630498
다사655496
다사650510
다사619479
다사653505
다사645519
다사616477
다사609476
다사622492
다사651507
다사644517
다사641514
다사650490
다사620475
다사621478
다사627474
다사628475
다사647485
다사623504
다사643523
다사649489
다사644522
다사618474
다사617481
다사623489
다사643482
다사628497
다사624477
다사647513
다사620477
다사655494
다사640481
다사646498
다사651505
다사624500
다사613476
다사614474
다사644516
다사653491
다사618477
다사648489
다사645503
다사634518
다사650504
다사638523
다사609481
다사629472
다사607477
다사647491
다사645511
다사644524
다사646488
다사627475
다사626471
다사625501
다사644508
다사643522
다사645486
다사641518
다사628472
다사644514
다사651490
다사625471
다사642495
다사646519
다사621479
다사616473
다사648515
다사640518
다사612481
다사623512
다사627472
다사639477
다사621488
다사611479
다사618480
다사629503
다사630476
다사627471
다사643496
다사615479
다사615495
다사630472
다사622473
다사647512
다사613477
다사641516
다사645515
다사610484
다사647522
다사622489
다사646510
다사659506
다사650507
다사614493
다사637476
다사649526
다사623492
다사623478
다사627497
다사650509
다사642499
다사645498
다사631498
다사641496
다사656502
다사642481
다사648521
다사622472
다사651492
다사643495
다사611477
다사639481
다사635476
다사644521
다사647511
다사644484
다사624473
다사626476
다사627499
다사624471
다사641485
다사633474
다사631501
다사611483
다사627500
다사612478
다사638517
다사643515
다사657508
다사618475
다사646513
다사622475
다사640524
다사616474
다사645502
다사653490
다사617480
다사623475
다사621490
다사645524
다사615474
다사642483
다사646495
다사650525
다사625476
다사638518
다사619474
다사630473
다사656496
다사624493
다사646484
다사647497
다사620478
다사647503
다사626499
다사638477
다사645504
다사650505
다사640478
다사625472
다사621474
다사640495
다사634476
다사623473
다사653509
다사629495
다사639516
다사642523
다사646520
다사637523
다사653507
다사639478
다사625517
다사616497
다사628498
다사626472
다사644499
다사629475
다사639521
다사624484
다사622471
다사643484
다사620476
다사647507
다사647509
다사621475
다사657511
다사623503
다사642484
다사633485
다사643499
다사647506
다사646521
다사627494
다사621476
다사644483
다사646486
다사656498
다사642517
다사652503
다사625475
다사614475
다사635474
다사629502
다사638519
다사646527
다사645517
다사641524
다사652504
다사634475
다사615478
다사657509
다사626502
다사612482
다사645483
다사636474
다사631472
다사650506
다사622477
다사646515
다사657504
다사614476
다사613474
다사655507
다사655497
다사622513
다사644523
다사624490
다사634485
다사640483
다사647519
다사638516
다사649521
다사658510
다사633518
다사649524
다사642522
다사640513
다사656499
다사648523
다사632502
다사649487
다사629498
다사654494
다사651489
다사653492
다사651508
다사628503
다사644485
다사648514
다사625491
다사647496
다사612477
다사616480
다사646487
다사646523
다사620474
다사647527
다사647488
다사637481
다사652491
다사620479
다사643511
다사643524
다사654496
다사613480
다사628495
다사659509
다사629499
다사647505
다사650502
다사649508
다사627493
다사635502
다사636486
다사625520
다사656511
다사611486
다사637482
다사652492
다사648511
다사650503
다사634474
다사622512
다사646522
다사618502
다사643485
다사631473
다사648517
다사647523
다사648487
다사608477
다사645510
다사658503
다사645521
다사641483
다사625499
다사626521
다사633498
다사627492
다사623472
다사629476
다사658506
다사655498
다사611481
다사629474
다사631499
다사627490
다사629501
다사629494
다사622476
다사639519
다사611475
다사642496
다사649525
다사632497
다사632499
다사620489
다사628500
다사650491
다사641515
다사626475
다사646506
다사632498
다사637518
다사645496
다사648525
다사658505
다사653510
다사652496
다사654505
다사641482
다사615476
다사650508
다사609477
다사629492
다사643497
다사648506
다사649523
다사644482
다사654504
다사651503
다사644519
다사653506
다사659507
다사645512
다사610482
다사628474
다사648518
다사626501
다사625519
다사644500
다사630499
다사609480
다사614481
다사613488
다사610479
다사641519
다사650523
다사646500
다사610481
다사628490
다사655509
다사633502
다사624474
다사645525
다사641497
다사631496
다사643498
다사647516
다사621477
다사654507
다사640497
다사658504
다사611478
다사627501
다사645508
다사654506
다사649522
다사656500
다사646504
다사612480
다사627523
다사648510
다사610483
다사623471
다사627498
다사649510
다사649506
다사628473
다사639480
다사656506
다사624515
다사640517
다사626492
다사654508
다사637522
다사647515
다사631503
다사648501
다사626494
다사647521
다사614479
다사633475
다사617478
다사637477
다사648505
다사639479
다사644518
다사646489
다사658511
다사642480
다사656508
다사645500
다사644498
다사646509
다사625518
다사642521
다사632496
다사644503
다사627522
다사626500
다사648512
다사612476
다사649502
다사632501
다사631474
다사654509
다사638522
다사628471
다사643500
다사609478
다사622485
다사608478
다사625490
다사610477
다사636487
다사644526
다사624501
다사613479
다사630474
다사482403
다사491437
다사511420
다사528418
다사489435
다사487402
다사504430
다사483424
다사539416
다사497406
다사503415
다사519431
다사518428
다사523420
다사536417
다사495420
다사489428
다사499411
다사491418
다사500407
다사515421
다사495410
다사537415
다사505423
다사502422
다사528420
다사483433
다사498402
다사515435
다사481426
다사484409
다사497429
다사507422
다사523417
다사536415
다사487433
다사493438
다사491432
다사520427
다사521425
다사477429
다사478425
다사523418
다사500409
다사490419
다사493437
다사494421
다사514423
다사527414
다사504435
다사531419
다사503431
다사517420
다사502415
다사506411
다사508437
다사496424
다사505432
다사501419
다사502406
다사514430
다사475426
다사504423
다사506421
다사540416
다사504417
다사532415
다사515428
다사525424
다사499410
다사524425
다사484408
다사503408
다사528411
다사478428
다사530411
다사514422
다사487428
다사486418
다사491403
다사493403
다사493428
다사518434
다사529415
다사504434
다사516432
다사498407
다사515425
다사503419
다사504410
다사520430
다사522435
다사495425
다사492423
다사500427
다사505428
다사482427
다사524426
다사511428
다사504408
다사490435
다사531411
다사497419
다사491431
다사512434
다사498430
다사483407
다사479428
다사520420
다사496433
다사499418
다사479427
다사486429
다사496418
다사498406
다사502431
다사482404
다사479430
다사519433
다사493410
다사517425
다사513428
다사518432
다사509421
다사496439
다사497428
다사489430
다사499434
다사505411
다사521427
다사513427
다사521422
다사513437
다사481431
다사512422
다사495428
다사504420
다사494422
다사484416
다사522430
다사480418
다사481428
다사482420
다사491434
다사487410
다사518431
다사493408
다사513434
다사494420
다사508422
다사506418
다사485431
다사519428
다사480414
다사488418
다사497417
다사500416
다사495398
다사497423
다사500419
다사485418
다사493434
다사513430
다사515419
다사504409
다사486434
다사481430
다사513435
다사506419
다사471426
다사528416
다사472427
다사498427
다사485407
다사495414
다사525419
다사492428
다사486407
다사483417
다사491423
다사514421
다사489415
다사495401
다사489433
다사503428
다사487407
다사496440
다사507399
다사504432
다사474427
다사498410
다사526415
다사486414
다사501432
다사506428
다사502427
다사531413
다사499427
다사481429
다사508410
다사492422
다사506424
다사514431
다사520433
다사483420
다사521437
다사485403
다사507437
다사485402
다사496431
다사505420
다사487415
다사526419
다사529417
다사477415
다사510424
다사513423
다사527420
다사512432
다사499408
다사483422
다사506430
다사537416
다사526417
다사489411
다사497408
다사524430
다사495415
다사505421
다사502419
다사531414
다사499438
다사502435
다사499401
다사525422
다사482432
다사533415
다사524417
다사525411
다사497425
다사506412
다사499424
다사529420
다사488402
다사498422
다사501418
다사507429
다사523437
다사495432
다사503434
다사520426
다사528415
다사497415
다사484414
다사506414
다사523430
다사535420
다사540418
다사496421
다사498414
다사509423
다사487418
다사503429
다사520437
다사523426
다사518425
다사485427
다사521431
다사522422
다사524416
다사497404
다사500438
다사505412
다사479425
다사494412
다사482417
다사473426
다사479413
다사484427
다사491420
다사493421
다사477423
다사489426
다사486416
다사494419
다사508425
다사507432
다사489420
다사518421
다사488432
다사510431
다사520423
다사514434
다사488431
다사502410
다사525418
다사521420
다사536419
다사483434
다사515420
다사496404
다사526421
다사530417
다사487434
다사496426
다사490421
다사507425
다사515404
다사472428
다사515432
다사480427
다사512437
다사523428
다사486421
다사491406
다사489429
다사492403
다사508431
다사522427
다사512433
다사508434
다사525410
다사495423
다사537419
다사475427
다사536420
다사483416
다사495402
다사486400
다사504418
다사519427
다사519434
다사528413
다사512430
다사522439
다사484404
다사515426
다사503416
다사501413
다사535415
다사520436
다사523423
다사490431
다사493436
다사539419
다사546409
다사499420
다사502432
다사509425
다사522434
다사523427
다사490426
다사493424
다사501422
다사531416
다사508423
다사504424
다사514436
다사483427
다사495427
다사504419
다사510422
다사486404
다사493425
다사496412
다사488411
다사485419
다사502421
다사520417
다사517434
다사484407
다사473428
다사484413
다사535417
다사494423
다사508435
다사525421
다사497402
다사503413
다사518436
다사493432
다사478427
다사487431
다사497422
다사501412
다사501416
다사520421
다사528422
다사486403
다사486428
다사499431
다사507434
다사531415
다사501408
다사497433
다사523421
다사503414
다사533416
다사523438
다사489416
다사501429
다사517418
다사506435
다사541417
다사492419
다사500414
다사497437
다사511427
다사519423
다사502414
다사484428
다사520415
다사493422
다사488419
다사472429
다사485408
다사509424
다사489427
다사514427
다사487413
다사508412
다사478430
다사505415
다사513424
다사491429
다사509428
다사523429
다사484423
다사487399
다사483428
다사500413
다사538418
다사483426
다사515427
다사505414
다사487404
다사503410
다사510430
다사507428
다사509427
다사537417
다사503417
다사508436
다사510426
다사537418
다사483432
다사520422
다사483418
다사489419
다사507417
다사495435
다사507426
다사517429
다사527419
다사530419
다사527418
다사533417
다사516421
다사504412
다사499423
다사507435
다사518426
다사493435
다사506416
다사538415
다사480426
다사487429
다사502416
다사517427
다사488420
다사496427
다사505407
다사490430
다사524421
다사497430
다사506432
다사517431
다사502430
다사519422
다사524411
다사488410
다사489410
다사510425
다사485433
다사516429
다사496434
다사519430
다사497418
다사503418
다사469426
다사483425
다사502429
다사512424
다사522421
다사511425
다사502413
다사489414
다사499417
다사492436
다사516420
다사513426
다사481432
다사479423
다사501410
다사504433
다사516425
다사496417
다사507418
다사530418
다사484410
다사496411
다사516422
다사527417
다사487421
다사519429
다사520402
다사502408
다사507431
다사509432
다사494435
다사492439
다사500436
다사520424
다사473429
다사482421
다사508411
다사484406
다사494439
다사497413
다사498424
다사512423
다사498429
다사513425
다사526412
다사492438
다사514426
다사517430
다사494414
다사516435
다사544408
다사495411
다사487422
다사491433
다사501406
다사487401
다사487435
다사488430
다사506433
다사481420
다사504427
다사515423
다사528414
다사508426
다사518433
다사479415
다사497407
다사480424
다사503427
다사499435
다사516428
다사494428
다사477426
다사486415
다사512425
다사482433
다사483429
다사497411
다사482422
다사498435
다사486412
다사491422
다사495439
다사498419
다사504426
다사530412
다사473427
다사491435
다사529414
다사498416
다사503425
다사527413
다사499433
다사501423
다사521438
다사495421
다사519424
다사521411
다사470427
다사488404
다사505425
다사487408
다사539415
다사507420
다사480416
다사502417
다사504431
다사529412
다사490416
다사480429
다사491427
다사527412
다사501431
다사506409
다사486413
다사513422
다사495438
다사528412
다사494411
다사507421
다사482431
다사518423
다사498418
다사528421
다사505426
다사545408
다사497434
다사519421
다사483421
다사498409
다사503412
다사485405
다사500424
다사500435
다사529418
다사499409
다사537410
다사501411
다사505431
다사479416
다사508428
다사494403
다사526420
다사486406
다사487403
다사499432
다사502411
다사513421
다사500428
다사503435
다사499421
다사506437
다사495419
다사496420
다사516431
다사528419
다사494426
다사492425
다사470424
다사494440
다사512428
다사504414
다사496416
다사500432
다사505413
다사511429
다사495422
다사502428
다사505430
다사478426
다사498434
다사507433
다사532418
다사496407
다사498403
다사488435
다사495413
다사492435
다사497432
다사501417
다사510433
다사523425
다사493427
다사485434
다사510434
다사499407
다사506417
다사524419
다사493405
다사496425
다사504429
다사503401
다사505429
다사480421
다사502412
다사500420
다사483431
다사493414
다사496403
다사503409
다사522437
다사471427
다사504413
다사505434
다사493423
다사485432
다사505435
다사481424
다사488429
다사504411
다사517421
다사482419
다사486401
다사510436
다사485416
다사514425
다사515424
다사488433
다사470426
다사485414
다사528410
다사487430
다사484422
다사502418
다사486420
다사504422
다사542414
다사487432
다사517423
다사488400
다사539417
다사495433
다사497421
다사499413
다사496437
다사491425
다사522429
다사476429
다사514424
다사493429
다사496408
다사490420
다사469425
다사512421
다사479429
다사494441
다사498417
다사494436
다사485422
다사487426
다사519435
다사487416
다사505422
다사540417
다사486408
다사492406
다사509434
다사478424
다사516427
다사498425
다사498432
다사529419
다사509433
다사479424
다사487414
다사504428
다사504425
다사512429
다사485421
다사506425
다사486410
다사496402
다사512436
다사542416
다사521436
다사498426
다사484420
다사492421
다사500410
다사495434
다사507419
다사508424
다사492426
다사503420
다사505424
다사522425
다사479418
다사491405
다사482418
다사485430
다사486427
다사485409
다사523431
다사505419
다사521428
다사526413
다사490428
다사534414
다사513429
다사516430
다사520431
다사484418
다사510429
다사511423
다사511435
다사525423
다사502420
다사494425
다사521432
다사484433
다사502407
다사522424
다사492434
다사480422
다사496415
다사489424
다사498433
다사523439
다사492433
다사485417
다사496428
다사486405
다사495408
다사538420
다사488403
다사481417
다사509438
다사490412
다사501434
다사497439
다사495437
다사490433
다사509420
다사514433
다사515436
다사524427
다사524422
다사499412
다사518435
다사541418
다사495440
다사499426
다사493430
다사498421
다사485400
다사503432
다사495409
다사485426
다사500422
다사488408
다사498411
다사505408
다사539418
다사481423
다사493440
다사493407
다사524432
다사530415
다사482425
다사494424
다사494430
다사486419
다사487419
다사534416
다사484429
다사501414
다사520429
다사521429
다사482402
다사504406
다사511434
다사490429
다사490434
다사499428
다사506436
다사511436
다사491412
다사492430
다사517433
다사531418
다사532419
다사513431
다사481425
다사490425
다사509436
다사485429
다사481406
다사525425
다사500408
다사485420
다사504407
다사505410
다사472426
다사496423
다사545409
다사486426
다사492432
다사500434
다사517428
다사475425
다사498408
다사511431
다사526418
다사488413
다사489421
다사500431
다사493406
다사498431
다사522418
다사480423
다사495436
다사516417
다사518427
다사496406
다사527415
다사488434
다사507427
다사519426
다사522433
다사500421
다사497416
다사495418
다사495430
다사493433
다사506420
다사523419
다사521434
다사483406
다사508430
다사523416
다사493426
다사495429
다사481421
다사487405
다사505417
다사480420
다사484432
다사499430
다사515431
다사538416
다사485413
다사485428
다사492424
다사527421
다사484400
다사513432
다사496436
다사510423
다사533419
다사509426
다사530414
다사490432
다사496432
다사482406
다사484405
다사509435
다사533414
다사487427
다사497410
다사506423
다사496429
다사513436
다사516424
다사495416
다사497426
다사505433
다사525417
다사482424
다사501428
다사488401
다사510435
다사486433
다사533413
다사496435
다사482428
다사521406
다사497420
다사481427
다사508429
다사487412
다사493439
다사499403
다사534415
다사534417
다사501433
다사510428
다사518422
다사524420
다사502433
다사511432
다사492427
다사520428
다사522423
다사517435
다사537414
다사524431
다사506410
다사522431
다사523436
다사524418
다사499414
다사494402
다사493400
다사520413
다사471428
다사475428
다사528417
다사541419
다사475429
다사521421
다사491428
다사519436
다사520435
다사490414
다사498404
다사498423
다사494401
다사526423
다사491404
다사495426
다사518429
다사521424
다사489401
다사492405
다사531420
다사480417
다사522406
다사491426
다사496414
다사492404
다사523432
다사485406
다사490410
다사471425
다사503411
다사521433
다사535416
다사477424
다사510421
다사532416
다사489432
다사489417
다사522428
다사487420
다사508432
다사474425
다사514432
다사516426
다사514429
다사527422
다사497414
다사478423
다사488415
다사486432
다사522436
다사496419
다사503407
다사510437
다사527416
다사493404
다사499415
다사500412
다사509414
다사521405
다사478429
다사487417
다사520432
다사525420
다사531412
다사541416
다사487409
다사525416
다사495404
다사519420
다사523433
다사484419
다사516434
다사522417
다사495431
다사501427
다사511438
다사477428
다사488421
다사511426
다사507436
다사527411
다사493409
다사500423
다사491411
다사500417
다사503426
다사521409
다사491413
다사511437
다사469424
다사491424
다사491414
다사499419
다사487425
다사491436
다사507424
다사511424
다사499429
다사526422
다사517422
다사489418
다사496413
다사506415
다사506434
다사497424
다사516423
다사496430
다사501420
다사510438
다사484421
다사504415
다사483430
다사530416
다사495424
다사518430
다사471424
다사487400
다사497403
다사507423
다사487411
다사498436
다사503430
다사482426
다사538417
다사513433
다사515430
다사529416
다사476425
다사503421
다사512427
다사530413
다사486425
다사497436
다사505427
다사494433
다사508427
다사497427
다사500430
다사518420
다사480430
다사484426
다사484431
다사509429
다사538419
다사500411
다사512435
다사526414
다사517419
다사496405
다사490427
다사482430
다사494427
다사501415
다사511421
다사536418
다사516433
다사509430
다사494434
다사498428
다사479414
다사488414
다사533418
다사490417
다사494431
다사510432
다사514428
다사474429
다사524423
다사483423
다사522426
다사494409
다사474426
다사499425
다사500429
다사510420
다사482405
다사492431
다사494437
다사490413
다사511433
다사495403
다사499439
다사517432
다사489412
다사512431
다사517424
다사523424
다사474428
다사477427
다사499422
다사531417
다사501407
다사488412
다사488428
다사494432
다사497412
다사492418
다사500418
다사524424
다사505436
다사521430
다사506426
다사489431
다사518424
다사521435
다사486402
다사486430
다사515433
다사540420
다사501409
다사488417
다사521419
다사541415
다사522438
다사470425
다사493431
다사491417
다사515418
다사484430
다사516419
다사481418
다사509431
다사540415
다사501421
다사501435
다사509422
다사539414
다사480425
다사479426
다사486417
다사504416
다사503422
다사507430
다사484415
다사488427
다사507412
다사496422
다사508421
다사518419
다사490418
다사523434
다사537420
다사509437
다사473425
다사511422
다사485415
다사535418
다사481419
다사497431
다사507413
다사483413
다사532417
다사494413
다사506422
다사519425
다사529413
다사506431
다사534419
다사519432
다사522432
다사494429
다사494438
다사503424
다사514435
다사499416
다사540419
다사498412
다사501430
다사507415
다사488416
다사500415
다사503433
다사535419
다사484417
다사488409
다사520403
다사488422
다사498413
다사507416
다사521426
다사492414
다사496410
다사486431
다사497435
다사520425
다사538414
다사489425
다사489434
다사491419
다사507409
다사526416
다사520434
다사521423
다사492429
다사534418
다사510427
다사485401
다사483405
다사496438
다사498420
다사476428
다사482429
다사480428
다사489413
다사521417
다사508433
다사515434
다사486409
다사506413
다사497438
다사483404
다사521410
다사530420
다사502409
다사511430
다사477430
다사485412
다사506427
다사502434
다사484434
다사522410
다사515429
다사472425
다사480431
다사523422
다사495412
다사516418
다사517426
다사490424
다사505416
다사498437
다사492437
다사498438
다사500433
다사504421
다사482423
다사476426
다사536416
다사499436
다사490411
다사476427
다사498415
다사497405
다사505418
다사514437
다사506429
다사483419
다사496409
다사491430
다사512426
다사522419
다사481422
다사519391
다사487398
다사539399
다사532410
다사500393
다사515386
다사521400
다사507394
다사505384
다사515384
다사497386
다사501402
다사505388
다사520380
다사537411
다사546399
다사507387
다사525401
다사542402
다사519378
다사487424
다사482412
다사492420
다사535405
다사524399
다사507392
다사532404
다사478422
다사507384
다사523383
다사520419
다사516408
다사508385
다사511394
다사512386
다사518380
다사532414
다사485410
다사528391
다사542410
다사479431
다사478415
다사513388
다사537413
다사511388
다사507389
다사512400
다사514417
다사519412
다사517416
다사504385
다사503437
다사532402
다사525381
다사501424
다사501397
다사520399
다사522413
다사489409
다사501405
다사534420
다사493402
다사481433
다사527404
다사499395
다사514398
다사505383
다사517407
다사519382
다사479421
다사507390
다사527395
다사511387
다사540413
다사504393
다사512398
다사512388
다사517379
다사519416
다사523393
다사528394
다사521384
다사468424
다사484411
다사533398
다사498396
다사502403
다사495417
다사502399
다사498400
다사505379
다사523398
다사509411
다사482408
다사502401
다사489404
다사540400
다사488426
다사509393
다사514413
다사505394
다사515417
다사528403
다사524405
다사502379
다사468423
다사521415
다사527410
다사513386
다사491395
다사493393
다사484401
다사525391
다사534399
다사542401
다사505396
다사481409
다사490423
다사508405
다사525399
다사512393
다사483402
다사481411
다사540412
다사513420
다사507386
다사493417
다사530390
다사508389
다사492415
다사526401
다사528401
다사493398
다사515397
다사504402
다사530421
다사526391
다사503398
다사509378
다사523400
다사526385
다사513397
다사487406
다사489407
다사514378
다사512407
다사522408
다사518384
다사525380
다사492398
다사515408
다사513387
다사521391
다사508380
다사503399
다사525389
다사494418
다사500397
다사510393
다사538412
다사545407
다사499405
다사540408
다사513438
다사526383
다사529409
다사535402
다사525388
다사519397
다사497397
다사526407
다사547399
다사513378
다사495393
다사495394
다사529394
다사528423
다사481399
다사488399
다사505404
다사519409
다사514401
다사544413
다사486399
다사503400
다사513400
다사522405
다사523407
다사512395
다사485424
다사502389
다사520401
다사513412
다사511396
다사504391
다사511380
다사533393
다사517378
다사518394
다사507407
다사530406
다사483414
다사482415
다사481403
다사509402
다사510386
다사538398
다사517386
다사504389
다사521407
다사480406
다사497398
다사502394
다사543415
다사507405
다사505399
다사510417
다사515395
다사527394
다사505403
다사488424
다사488407
다사513390
다사528393
다사517387
다사509397
다사537412
다사493396
다사481413
다사494399
다사537404
다사491397
다사510418
다사521379
다사492402
다사527397
다사509390
다사534395
다사512392
다사522401
다사483401
다사530394
다사500402
다사480415
다사491408
다사509389
다사518386
다사501387
다사524409
다사520394
다사497392
다사532407
다사533404
다사503379
다사509385
다사521402
다사532392
다사547408
다사490403
다사505387
다사512403
다사500386
다사498387
다사531399
다사524398
다사502396
다사515389
다사507388
다사501399
다사487436
다사514414
다사533399
다사499393
다사542397
다사540402
다사532396
다사529389
다사508377
다사508414
다사544406
다사502423
다사499389
다사482409
다사509409
다사517405
다사522389
다사494410
다사538406
다사526393
다사517412
다사502424
다사509418
다사509410
다사491398
다사509415
다사534396
다사502425
다사487423
다사514407
다사510378
다사506396
다사515392
다사529406
다사470428
다사479419
다사528406
다사513381
다사520414
다사474430
다사516411
다사520384
다사531401
다사528395
다사526402
다사520398
다사493397
다사496386
다사513401
다사524382
다사527405
다사503403
다사489403
다사497388
다사536410
다사517380
다사506389
다사512401
다사492395
다사518408
다사498388
다사510419
다사499400
다사533400
다사508439
다사526403
다사510405
다사511378
다사496398
다사521378
다사477416
다사531398
다사525415
다사500392
다사518395
다사539397
다사488405
다사530407
다사535412
다사509382
다사544400
다사490406
다사516403
다사515383
다사546408
다사520378
다사515403
다사529396
다사541409
다사532408
다사508406
다사522382
다사499396
다사524393
다사517436
다사490396
다사520379
다사519407
다사519387
다사523435
다사524408
다사532412
다사515380
다사502381
다사505438
다사511408
다사502384
다사500383
다사521390
다사490398
다사517389
다사479411
다사508376
다사535404
다사512405
다사510394
다사511398
다사524389
다사494405
다사530398
다사509408
다사508388
다사509376
다사546405
다사511385
다사529408
다사503381
다사515401
다사505385
다사543403
다사529391
다사522397
다사536398
다사498399
다사477414
다사513407
다사481415
다사478414
다사530404
다사544403
다사514418
다사524392
다사519379
다사494404
다사506391
다사510388
다사528389
다사532403
다사514397
다사528400
다사522387
다사510397
다사479417
다사508402
다사528392
다사527408
다사504405
다사533405
다사512383
다사520382
다사526409
다사545400
다사505391
다사541408
다사510413
다사522403
다사514419
다사519405
다사500400
다사504375
다사546402
다사501390
다사512412
다사514438
다사504403
다사503382
다사514388
다사512406
다사491416
다사510389
다사534403
다사499404
다사507395
다사545399
다사539408
다사507382
다사516389
다사526396
다사490397
다사495405
다사541404
다사500391
다사509403
다사524400
다사512410
다사518389
다사513402
다사511382
다사527407
다사547404
다사504437
다사531397
다사538402
다사483408
다사496397
다사520410
다사511389
다사535407
다사516381
다사519394
다사534413
다사544410
다사513404
다사534409
다사533409
다사503378
다사510381
다사516402
다사518416
다사509419
다사519389
다사545401
다사496400
다사473424
다사517399
다사527400
다사484399
다사519393
다사508399
다사533394
다사536405
다사504399
다사511414
다사544401
다사500395
다사539403
다사513417
다사482407
다사495407
다사508404
다사516398
다사515406
다사502391
다사537402
다사518414
다사524384
다사534398
다사525392
다사488406
다사492416
다사519410
다사516382
다사501401
다사494395
다사524406
다사496393
다사515413
다사503388
다사508403
다사532413
다사512419
다사489398
다사535397
다사480409
다사482434
다사500384
다사525407
다사494407
다사501398
다사521392
다사525412
다사515385
다사507414
다사514382
다사510403
다사518390
다사536411
다사531406
다사481404
다사492393
다사509394
다사491394
다사504400
다사536412
다사527399
다사485404
다사505392
다사502398
다사534402
다사521393
다사527390
다사508391
다사505386
다사514420
다사535411
다사538408
다사537401
다사509383
다사525402
다사541399
다사496391
다사511415
다사511393
다사517398
다사519418
다사533407
다사512417
다사544412
다사522411
다사542399
다사510379
다사499392
다사535400
다사523395
다사519413
다사516397
다사521396
다사477425
다사483409
다사478412
다사524402
다사518399
다사530409
다사488425
다사525386
다사500385
다사542400
다사524385
다사486424
다사508395
다사471429
다사542408
다사522395
다사506406
다사524434
다사517390
다사507408
다사525390
다사513385
다사519400
다사517403
다사526386
다사490402
다사482414
다사519392
다사482410
다사512416
다사507393
다사509395
다사517415
다사513416
다사508415
다사523389
다사515407
다사512414
다사501394
다사527392
다사503394
다사520405
다사486423
다사506380
다사508420
다사539405
다사513384
다사515415
다사531409
다사525404
다사504436
다사519398
다사518393
다사530391
다사531394
다사491399
다사500389
다사510408
다사499383
다사481400
다사537408
다사530400
다사491415
다사490394
다사499386
다사520438
다사505380
다사514403
다사538400
다사485435
다사516392
다사480413
다사494393
다사526398
다사543410
다사529402
다사525385
다사483399
다사511417
다사506397
다사532399
다사494390
다사511412
다사527396
다사501404
다사540403
다사511439
다사502390
다사498401
다사507406
다사502404
다사518388
다사508393
다사517414
다사526387
다사483411
다사515416
다사512438
다사499394
다사514410
다사481416
다사512418
다사519386
다사517392
다사546404
다사503380
다사523382
다사539406
다사511386
다사525383
다사540414
다사518378
다사478411
다사524404
다사492411
다사502387
다사510439
다사512379
다사514394
다사514408
다사480408
다사541413
다사484425
다사510412
다사507400
다사522392
다사532395
다사504384
다사498397
다사503423
다사542398
다사542407
다사508409
다사535396
다사546411
다사508401
다사481414
다사477413
다사495396
다사511418
다사523412
다사531396
다사514379
다사530397
다사494417
다사522394
다사519408
다사517395
다사509380
다사512391
다사538401
다사531391
다사498394
다사493395
다사498386
다사486422
다사527409
다사519402
다사478431
다사494391
다사489399
다사515405
다사506393
다사541406
다사484402
다사502393
다사521397
다사545411
다사523396
다사515379
다사521404
다사499406
다사517382
다사507378
다사498405
다사536401
다사502395
다사517406
다사537409
다사533412
다사504397
다사504387
다사501403
다사496395
다사523406
다사511399
다사477422
다사506400
다사493413
다사510399
다사492401
다사500390
다사490408
다사510409
다사490407
다사506392
다사524397
다사514383
다사546400
다사526399
다사540407
다사518403
다사520391
다사523391
다사547401
다사516404
다사542415
다사509381
다사500396
다사490405
다사496389
다사493419
다사476430
다사527423
다사520409
다사509401
다사517397
다사535408
다사500387
다사534394
다사511405
다사503395
다사546401
다사516393
다사482401
다사502380
다사509406
다사525398
다사519383
다사522393
다사527393
다사492397
다사515390
다사517400
다사519401
다사497399
다사509407
다사514395
다사517391
다사529404
다사480412
다사538405
다사498391
다사474424
다사526400
다사534404
다사498390
다사522381
다사522400
다사518407
다사517413
다사519388
다사496392
다사515381
다사504438
다사509377
다사519384
다사508407
다사520396
다사545403
다사497391
다사524414
다사520406
다사500437
다사514381
다사534407
다사503405
다사495389
다사529390
다사508398
다사524415
다사510387
다사531408
다사485399
다사546403
다사510384
다사498385
다사516396
다사492394
다사506402
다사522388
다사529410
다사537400
다사506377
다사499390
다사505390
다사499437
다사513405
다사515388
다사518413
다사515422
다사506383
다사507380
다사522412
다사526406
다사545402
다사521382
다사516383
다사505405
다사519415
다사509413
다사499387
다사521413
다사505376
다사515387
다사515378
다사534405
다사539410
다사497409
다사501436
다사503396
다사521383
다사537396
다사494398
다사541414
다사509384
다사483403
다사510390
다사525414
다사516399
다사495400
다사500401
다사539413
다사532406
다사513392
다사485425
다사527403
다사517408
다사490401
다사525393
다사482416
다사536413
다사513408
다사545412
다사536400
다사514385
다사506399
다사515438
다사499384
다사512399
다사510410
다사498384
다사501425
다사532393
다사529407
다사516400
다사535406
다사490422
다사542405
다사484435
다사532391
다사500406
다사509439
다사536403
다사514392
다사536399
다사499385
다사530392
다사506394
다사499391
다사481412
다사489423
다사528402
다사518398
다사516405
다사532400
다사499388
다사510401
다사506387
다사512411
다사497393
다사516388
다사514405
다사481407
다사479422
다사492396
다사516437
다사521401
다사508379
다사540398
다사525406
다사538404
다사522385
다사498392
다사543413
다사511419
다사481401
다사541398
다사527406
다사503438
다사503386
다사504378
다사493418
다사526395
다사531407
다사521387
다사523394
다사533406
다사492410
다사507403
다사520407
다사544402
다사528399
다사479420
다사481405
다사490415
다사511410
다사504382
다사518397
다사513382
다사503406
다사546407
다사513398
다사506379
다사516387
다사505395
다사523411
다사510415
다사520381
다사539402
다사500426
다사523413
다사516407
다사535403
다사500394
다사522398
다사512390
다사505389
다사488423
다사511440
다사529393
다사521386
다사534411
다사539400
다사534401
다사537407
다사518404
다사479412
다사477417
다사514389
다사522383
다사543401
다사540397
다사495391
다사509405
다사524387
다사502386
다사527389
다사542411
다사523388
다사486398
다사508408
다사491400
다사512384
다사520397
다사506404
다사518396
다사518411
다사513419
다사508387
다사514399
다사525384
다사543409
다사502382
다사510380
다사512385
다사533397
다사507404
다사535414
다사496390
다사505398
다사523392
다사521395
다사483412
다사519411
다사520412
다사515412
다사520388
다사523404
다사525387
다사528390
다사529411
다사537406
다사510404
다사526381
다사525409
다사542417
다사522409
다사512415
다사510395
다사511416
다사544407
다사505401
다사525397
다사495387
다사530405
다사503389
다사509398
다사512402
다사503391
다사524390
다사517417
다사529422
다사519385
다사488398
다사504392
다사502438
다사514412
다사504394
다사515409
다사522386
다사498398
다사515400
다사518417
다사511390
다사517409
다사503377
다사506403
다사492407
다사504380
다사512387
다사526384
다사531392
다사522407
다사533401
다사532398
다사491396
다사515398
다사518391
다사502402
다사503376
다사478413
다사485423
다사505409
다사511407
다사520386
다사486435
다사508417
다사526390
다사490404
다사526388
다사520408
다사523409
다사519381
다사534406
다사513403
다사508419
다사478416
다사494416
다사504381
다사475424
다사482411
다사541407
다사521385
다사521399
다사504395
다사501383
다사498393
다사524429
다사517401
다사501389
다사506395
다사506381
다사491402
다사511383
다사525396
다사531410
다사509416
다사525395
다사512382
다사515414
다사486436
다사510411
다사512380
다사531393
다사538403
다사510385
다사513389
다사513383
다사509388
다사516379
다사493412
다사514404
다사508392
다사543404
다사507401
다사522384
다사497396
다사501385
다사503404
다사499402
다사501388
다사541420
다사510382
다사498389
다사508413
다사512389
다사540405
다사523381
다사506385
다사505393
다사511379
다사484412
다사525405
다사500403
다사523415
다사524383
다사508396
다사545405
다사541411
다사470423
다사518418
다사526405
다사515411
다사509400
다사489400
다사500398
다사514386
다사480410
다사516386
다사522396
다사511392
다사496388
다사500425
다사511411
다사497390
다사480432
다사522420
다사507397
다사524401
다사547405
다사510406
다사519390
다사526411
다사518437
다사494397
다사523403
다사535401
다사517394
다사511402
다사501386
다사526397
다사508386
다사516409
다사505377
다사517410
다사503402
다사509417
다사483400
다사543407
다사504398
다사513411
다사514409
다사507411
다사526394
다사472430
다사544411
다사503392
다사501438
다사502383
다사511397
다사530408
다사535399
다사502378
다사489405
다사483435
다사526392
다사523397
다사504379
다사521388
다사539420
다사523380
다사494400
다사513399
다사476416
다사536406
다사521389
다사501437
다사524413
다사509392
다사541412
다사495397
다사542413
다사511391
다사541410
다사510400
다사530399
다사493394
다사502405
다사494415
다사504377
다사493411
다사498439
다사468425
다사528397
다사509387
다사493399
다사538399
다사492408
다사539401
다사506407
다사506390
다사522399
다사510407
다사489422
다사511406
다사511401
다사506401
다사520393
다사489395
다사517385
다사536414
다사503393
다사510416
다사521416
다사520392
다사523384
다사502392
다사529397
다사499398
다사506382
다사489397
다사520411
다사536397
다사503385
다사533402
다사512381
다사544398
다사517383
다사501384
다사478417
다사532397
다사524394
다사520404
다사514415
다사513395
다사502400
다사501426
다사536404
다사533403
다사518412
다사538413
다사522414
다사481410
다사482413
다사521408
다사499397
다사525413
다사522415
다사528398
다사524386
다사537403
다사514393
다사518410
다사527398
다사514391
다사529392
다사530395
다사486411
다사526424
다사531390
다사520390
다사501391
다사521381
다사529421
다사494408
다사547403
다사519406
다사492412
다사502377
다사490399
다사543399
다사507398
다사512409
다사517381
다사528407
다사504396
다사505406
다사503375
다사527391
다사515394
다사539407
다사492400
다사532401
다사513415
다사537397
다사519395
다사523410
다사494396
다사483410
다사528405
다사544409
다사538411
다사540401
다사522380
다사514387
다사514384
다사535409
다사518402
다사541403
다사505375
다사491421
다사499399
다사515402
다사531402
다사477431
다사529398
다사505402
다사500405
다사502426
다사546410
다사536408
다사524412
다사516378
다사497394
다사505378
다사508418
다사482399
다사507391
다사516415
다사513396
다사518379
다사507377
다사520385
다사488436
다사521380
다사510383
다사508382
다사511403
다사519396
다사510392
다사530401
다사529405
다사523408
다사511384
다사507381
다사512378
다사519403
다사532405
다사516380
다사517402
다사521403
다사510402
다사501400
다사520389
다사530389
다사496401
다사493401
다사497401
다사517388
다사528396
다사479410
다사526425
다사514416
다사513380
다사545404
다사523402
다사516436
다사524396
다사493415
다사501392
다사514406
다사501393
다사513413
다사507438
다사502388
다사533411
다사513410
다사516385
다사513391
다사530396
다사544404
다사540399
다사518382
다사521414
다사510391
다사542409
다사526408
다사509391
다사508416
다사517396
다사515382
다사520416
다사540409
다사516395
다사525426
다사540406
다사544399
다사506438
다사521394
다사500382
다사525408
다사538396
다사542412
다사518383
다사509396
다사521412
다사531403
다사515437
다사492399
다사524391
다사512420
다사539412
다사543400
다사508400
다사507383
다사527388
다사518385
다사532409
다사506398
다사516406
다사523387
다사512439
다사516401
다사515399
다사491401
다사505400
다사540410
다사505381
다사502376
다사535395
다사501396
다사506388
다사538410
다사508390
다사530393
다사485411
다사495390
다사484403
다사518406
다사520387
다사524403
다사512396
다사532411
다사506405
다사502437
다사534410
다사511409
다사519404
다사509399
다사524380
다사516413
다사510396
다사537399
다사494392
다사543398
다사522390
다사523399
다사514396
다사547407
다사500388
다사533395
다사529400
다사517404
다사503384
다사533408
다사526410
다사542403
다사518401
다사547400
다사530410
다사514400
다사523401
다사509404
다사512408
다사543406
다사542406
다사504386
다사521418
다사494394
다사540411
다사522404
다사490395
다사521439
다사545410
다사496385
다사489408
다사492409
다사504390
다사509412
다사512397
다사481408
다사527402
다사513406
다사516391
다사501382
다사525394
다사511381
다사516414
다사527387
다사526404
다사533410
다사510398
다사527401
다사520383
다사522416
다사508378
다사495392
다사536402
다사519399
다사525382
다사489396
다사523386
다사513394
다사518381
다사492417
다사507385
다사513418
다사513379
다사509379
다사496396
다사543402
다사523414
다사521398
다사539411
다사529399
다사534400
다사519437
다사525400
다사493420
다사506386
다사510377
다사480411
다사508397
다사529401
다사490400
다사541405
다사489402
다사503390
다사542404
다사511395
다사515391
다사516394
다사472424
다사516412
다사506384
다사508438
다사539404
다사534412
다사530402
다사535413
다사517393
다사493441
다사532394
다사511404
다사541402
다사475430
다사507402
다사516384
다사505397
다사543414
다사511400
다사482400
다사518415
다사505437
다사479409
다사503387
다사493392
다사496399
다사507379
다사503397
다사497387
다사524407
다사506378
다사525403
다사537398
다사543405
다사539398
다사501381
다사535398
다사495395
다사519380
다사526382
다사502436
다사531400
다사535410
다사508384
다사536407
다사528409
다사516410
다사504401
다사503436
다사510414
다사543412
다사520418
다사480407
다사491407
다사491409
다사534397
다사540404
다사495399
다사520395
다사502385
다사524410
다사515410
다사541397
다사518400
다사528404
다사546406
다사523390
다사498395
다사543411
다사531395
다사522391
다사518392
다사517384
다사483415
다사538407
다사524395
다사500404
다사504404
다사504376
다사530403
다사518405
다사480419
다사518387
다사490409
다사492413
다사497389
다사515396
다사505382
다사533396
다사508383
다사517411
다사496387
다사523385
다사497385
다사538409
다사501395
다사536396
다사473430
다사507396
다사500399
다사504383
다사484424
다사518409
다사503383
다사513409
다사511413
다사522402
다사541400
다사513393
다사520400
다사516416
다사544405
다사493416
다사547409
다사512413
다사523405
다사489406
다사496394
다사497400
다사512404
다사506408
다사524433
다사515393
다사534408
다사528388
다사531404
다사519419
다사524388
다사547406
다사528408
다사504388
다사507410
다사481402
다사469423
다사508381
다사512394
다사536409
다사513414
다사543408
다사524381
다사545406
다사516390
다사538397
다사500439
다사519417
다사514411
다사531405
다사529403
다사514380
다사497395
다사495406
다사508394
다사541401
다사539409
다사526389
다사537405
다사502397
다사509386
다사490436
다사494406
다사514402
다사529395
다사514390
다사519414
다사491410
다사404502
다사436483
다사391528
다사400518
다사402503
다사415510
다사429485
다사429505
다사408495
다사381541
다사395509
다사392510
다사409507
다사437484
다사432490
다사409498
다사395517
다사407514
다사425483
다사434482
다사423525
다사418501
다사394522
다사425499
다사446506
다사416477
다사388528
다사415507
다사425482
다사434507
다사436505
다사423524
다사404509
다사439507
다사420526
다사426519
다사436514
다사396506
다사421493
다사390532
다사422496
다사423481
다사435487
다사427483
다사425478
다사420493
다사437492
다사418527
다사408494
다사413486
다사436498
다사403519
다사383533
다사397532
다사414514
다사417528
다사417497
다사435504
다사426490
다사427485
다사435484
다사445506
다사388514
다사392528
다사434516
다사390511
다사353510
다사407512
다사417499
다사391513
다사422499
다사422501
다사423478
다사434511
다사418481
다사429506
다사403520
다사427518
다사384543
다사398518
다사422505
다사401518
다사416523
다사420519
다사400499
다사389529
다사431485
다사434504
다사392520
다사440508
다사414506
다사408508
다사427505
다사435507
다사420513
다사435489
다사413509
다사425505
다사441505
다사390516
다사418487
다사429518
다사442507
다사418512
다사400527
다사413487
다사412501
다사424502
다사420508
다사432513
다사430489
다사389523
다사402529
다사407505
다사421514
다사423479
다사412499
다사436506
다사417520
다사433490
다사388530
다사440510
다사416503
다사439504
다사402499
다사394512
다사424501
다사419483
다사422514
다사391515
다사415530
다사443507
다사413497
다사413488
다사429501
다사417495
다사419519
다사386527
다사398506
다사410499
다사393530
다사420482
다사426487
다사403509
다사416484
다사433498
다사405508
다사428480
다사425496
다사428501
다사416525
다사437488
다사427489
다사450502
다사414485
다사431505
다사443503
다사398519
다사391520
다사419488
다사421515
다사428487
다사394519
다사417488
다사411494
다사416527
다사411491
다사447504
다사428519
다사447507
다사398512
다사406511
다사395528
다사425522
다사389514
다사421498
다사390521
다사415500
다사427519
다사409495
다사384531
다사397515
다사424521
다사412486
다사414510
다사437481
다사399512
다사429508
다사419517
다사389527
다사421477
다사415487
다사419527
다사425507
다사438505
다사423498
다사416528
다사429515
다사389513
다사391512
다사424486
다사395535
다사434494
다사353509
다사390530
다사415525
다사404523
다사423483
다사389517
다사431509
다사432488
다사414496
다사393512
다사430508
다사425481
다사410500
다사427482
다사448500
다사381535
다사437504
다사417513
다사417481
다사390517
다사393536
다사399522
다사442502
다사418484
다사363509
다사414531
다사421526
다사419499
다사421482
다사393518
다사388529
다사401505
다사412513
다사425492
다사441504
다사388516
다사436481
다사413491
다사402527
다사382535
다사419515
다사429504
다사438508
다사395526
다사418511
다사386525
다사397526
다사401523
다사417484
다사391510
다사445507
다사433511
다사401508
다사414507
다사425493
다사446503
다사392529
다사392522
다사437508
다사434498
다사401528
다사423507
다사421497
다사442508
다사422511
다사420515
다사430509
다사414490
다사428507
다사384535
다사415515
다사395529
다사431489
다사434496
다사432503
다사434508
다사416498
다사431503
다사408511
다사435481
다사437501
다사429519
다사432517
다사392536
다사437500
다사397511
다사437513
다사399511
다사418508
다사421489
다사419518
다사400498
다사419516
다사426501
다사386529
다사425504
다사396519
다사424507
다사436494
다사392511
다사406507
다사383546
다사387524
다사398531
다사416480
다사427490
다사391521
다사414493
다사417507
다사422495
다사428481
다사419479
다사426481
다사390534
다사422504
다사416507
다사421486
다사433484
다사421481
다사423508
다사425498
다사384532
다사421484
다사382537
다사426505
다사417526
다사436489
다사423486
다사353507
다사429484
다사412487
다사414494
다사447505
다사415496
다사416489
다사401513
다사417501
다사427520
다사415503
다사400523
다사422500
다사444506
다사435480
다사430518
다사422483
다사405504
다사412494
다사392531
다사420484
다사417494
다사428504
다사430481
다사433487
다사394511
다사401501
다사423513
다사424500
다사403499
다사408504
다사441508
다사400521
다사417479
다사431516
다사410501
다사393524
다사414530
다사416481
다사422491
다사436508
다사402518
다사433480
다사434489
다사434505
다사394509
다사389521
다사419511
다사398529
다사436500
다사393508
다사434483
다사425490
다사396524
다사415490
다사416482
다사425494
다사419526
다사391532
다사413493
다사420514
다사405521
다사412506
다사428488
다사443506
다사404506
다사389534
다사448505
다사449499
다사418486
다사426504
다사393527
다사435516
다사402511
다사407508
다사421500
다사406505
다사400500
다사424525
다사399514
다사421501
다사435503
다사387527
다사434503
다사411499
다사425511
다사422498
다사423497
다사398522
다사400501
다사433516
다사429507
다사421485
다사413501
다사430513
다사414498
다사417482
다사424489
다사434502
다사423504
다사394517
다사445501
다사395511
다사419494
다사398530
다사396535
다사437493
다사440511
다사429510
다사412489
다사417525
다사427503
다사429517
다사393507
다사393525
다사417506
다사418491
다사427481
다사440503
다사423490
다사436503
다사407504
다사418485
다사430511
다사389526
다사399525
다사401498
다사422519
다사423485
다사426506
다사434497
다사398535
다사424515
다사430520
다사422515
다사388517
다사393535
다사399528
다사445508
다사390520
다사416517
다사413513
다사428497
다사419521
다사425508
다사429492
다사419528
다사417489
다사422480
다사427499
다사435509
다사413505
다사433508
다사405505
다사420492
다사398498
다사435499
다사390526
다사401499
다사406514
다사424516
다사431518
다사443502
다사424499
다사395506
다사402501
다사433501
다사391523
다사394516
다사425523
다사434515
다사409506
다사416492
다사398497
다사428493
다사401525
다사430516
다사428484
다사432498
다사394527
다사419477
다사424485
다사443509
다사449501
다사397516
다사435512
다사431513
다사434487
다사389511
다사389524
다사424511
다사401512
다사437506
다사433489
다사435495
다사404524
다사401520
다사444509
다사431519
다사417515
다사418496
다사391519
다사420511
다사399516
다사414499
다사393533
다사431520
다사435514
다사396525
다사411506
다사430515
다사432487
다사416505
다사430483
다사424496
다사442504
다사414483
다사403511
다사429520
다사389512
다사424478
다사387528
다사432514
다사392514
다사419498
다사387518
다사420498
다사420524
다사447506
다사424508
다사433507
다사415481
다사392535
다사434486
다사402502
다사412488
다사419520
다사418517
다사435502
다사394510
다사401522
다사392519
다사399518
다사413496
다사430517
다사433499
다사449500
다사410505
다사412498
다사419493
다사401527
다사419491
다사437482
다사411501
다사413508
다사431483
다사391533
다사396529
다사448502
다사416496
다사394518
다사425489
다사393534
다사399531
다사422517
다사431517
다사434499
다사393514
다사418514
다사409504
다사415482
다사430519
다사380540
다사397508
다사406504
다사417511
다사424498
다사410496
다사433495
다사419508
다사431482
다사390515
다사437502
다사399513
다사425503
다사391517
다사392512
다사398509
다사430507
다사439508
다사384534
다사420510
다사413489
다사431514
다사391514
다사436507
다사433513
다사414502
다사420483
다사421479
다사425486
다사397519
다사419485
다사394533
다사431488
다사450499
다사424520
다사435483
다사432512
다사398526
다사383544
다사444503
다사403522
다사393528
다사398527
다사425515
다사392509
다사419478
다사420494
다사426489
다사444504
다사448501
다사425510
다사423506
다사447502
다사418482
다사431484
다사420496
다사446504
다사416516
다사421478
다사419496
다사409503
다사427500
다사432516
다사418521
다사424495
다사438509
다사435510
다사427507
다사414509
다사417508
다사437486
다사401500
다사425509
다사448499
다사448503
다사420497
다사396533
다사428502
다사434495
다사397534
다사422492
다사424504
다사410497
다사424512
다사426515
다사390518
다사416479
다사396528
다사417491
다사420527
다사391511
다사397518
다사422484
다사422512
다사417486
다사413498
다사389533
다사420528
다사413490
다사417483
다사432509
다사415483
다사425502
다사390529
다사394528
다사416509
다사435496
다사387522
다사420521
다사424494
다사428514
다사420485
다사440509
다사415529
다사400522
다사392533
다사402513
다사411495
다사426486
다사445504
다사399527
다사426491
다사424514
다사418518
다사413506
다사413507
다사398528
다사417516
다사409501
다사420489
다사420490
다사422502
다사423482
다사415514
다사417505
다사424509
다사402520
다사418483
다사421527
다사420525
다사393521
다사395515
다사371497
다사428516
다사433514
다사390510
다사391535
다사398525
다사421492
다사430514
다사432511
다사383534
다사433506
다사425491
다사392540
다사417510
다사422479
다사395524
다사426492
다사436485
다사403506
다사435488
다사443505
다사422482
다사415485
다사415505
다사421517
다사380537
다사395530
다사426522
다사390527
다사436513
다사398517
다사404504
다사413495
다사432485
다사439509
다사439506
다사404511
다사413499
다사396518
다사441506
다사388519
다사402516
다사431479
다사392523
다사422490
다사419507
다사422494
다사429483
다사407503
다사422525
다사387526
다사389516
다사409494
다사426497
다사442503
다사394535
다사408505
다사387521
다사411500
다사418506
다사391527
다사392516
다사407509
다사381538
다사399499
다사425506
다사434501
다사399530
다사418522
다사428492
다사398513
다사406523
다사402509
다사412491
다사412500
다사416486
다사421480
다사435517
다사415506
다사436510
다사411504
다사393513
다사395534
다사421504
다사429487
다사381539
다사395533
다사422497
다사423491
다사445500
다사414513
다사396521
다사424490
다사405509
다사419487
다사421490
다사417478
다사425480
다사428515
다사433481
다사411498
다사423502
다사398533
다사420518
다사426493
다사393526
다사430479
다사397530
다사416518
다사439511
다사418507
다사424523
다사411505
다사423480
다사417496
다사432480
다사409499
다사404503
다사390523
다사405522
다사415488
다사428510
다사407513
다사412502
다사390524
다사415499
다사416487
다사416513
다사430484
다사391522
다사426516
다사395518
다사388515
다사402512
다사402522
다사427501
다사446505
다사396523
다사429482
다사389518
다사391531
다사415502
다사393522
다사402498
다사404505
다사414504
다사392524
다사415509
다사424484
다사436516
다사436499
다사394526
다사425520
다사438510
다사408497
다사423503
다사432482
다사401503
다사435485
다사396515
다사418497
다사426482
다사438506
다사422520
다사398536
다사402524
다사421496
다사408496
다사435515
다사430504
다사434506
다사437490
다사383536
다사395523
다사401526
다사406522
다사417527
다사416504
다사396527
다사398508
다사419512
다사399520
다사416510
다사429511
다사389525
다사416506
다사424482
다사431510
다사447499
다사390525
다사406510
다사422526
다사421483
다사427479
다사416495
다사420516
다사428506
다사395522
다사412507
다사436496
다사437491
다사422510
다사424513
다사436487
다사437507
다사430482
다사445502
다사380539
다사393531
다사398510
다사449503
다사399509
다사409505
다사418525
다사422516
다사432483
다사435498
다사390519
다사427486
다사430503
다사396526
다사382536
다사425484
다사392525
다사426514
다사425512
다사418489
다사431508
다사396507
다사424487
다사425513
다사433503
다사436504
다사386524
다사414505
다사441502
다사400512
다사403505
다사424503
다사436486
다사386539
다사424522
다사430485
다사392526
다사447500
다사410498
다사416499
다사420486
다사421524
다사409496
다사423492
다사432502
다사417522
다사393517
다사422513
다사435508
다사418495
다사398532
다사399523
다사410506
다사433485
다사415512
다사389522
다사418510
다사408499
다사419492
다사437509
다사438511
다사402521
다사423499
다사387517
다사394515
다사437510
다사416501
다사437485
다사446499
다사410504
다사425497
다사417493
다사444500
다사423494
다사428483
다사415479
다사433512
다사411503
다사418516
다사397507
다사411490
다사429489
다사436484
다사435494
다사400519
다사398514
다사418490
다사426483
다사426508
다사414487
다사433509
다사441509
다사399535
다사428518
다사388513
다사442505
다사397522
다사440507
다사419500
다사395525
다사403503
다사424483
다사421494
다사414491
다사417523
다사397521
다사428489
다사431487
다사395508
다사431515
다사419484
다사398520
다사400528
다사410507
다사427487
다사383543
다사397528
다사429488
다사403500
다사415494
다사428503
다사429486
다사449502
다사384536
다사393510
다사426502
다사434488
다사437489
다사388522
다사423500
다사396513
다사396516
다사421525
다사425479
다사384544
다사440506
다사380538
다사393529
다사428508
다사446501
다사422481
다사392517
다사418499
다사422478
다사447503
다사419481
다사422503
다사423488
다사383545
다사415526
다사425500
다사413504
다사427522
다사421491
다사430480
다사415531
다사419523
다사416519
다사434484
다사416490
다사421518
다사426517
다사447501
다사391530
다사424497
다사412504
다사433482
다사415486
다사431486
다사398521
다사408507
다사445503
다사381542
다사389515
다사414497
다사391518
다사443500
다사419522
다사414492
다사417500
다사432515
다사421488
다사423526
다사407506
다사425525
다사429516
다사396508
다사418520
다사434480
다사388525
다사417514
다사421505
다사406508
다사446507
다사416491
다사418488
다사419524
다사424524
다사436480
다사436497
다사427491
다사446502
다사412512
다사415508
다사416512
다사434481
다사425524
다사429479
다사401529
다사434500
다사386528
다사388524
다사393519
다사396517
다사419482
다사412497
다사420481
다사420491
다사403510
다사423509
다사424488
다사414529
다사399500
다사433483
다사441510
다사383532
다사424506
다사411496
다사425495
다사398516
다사436502
다사394521
다사428486
다사419480
다사413494
다사418509
다사395521
다사429502
다사411502
다사424517
다사426479
다사391536
다사432481
다사437505
다사389520
다사397527
다사435501
다사395516
다사424505
다사431511
다사411493
다사434510
다사435513
다사400526
다사423520
다사414489
다사421499
다사405506
다사425501
다사444505
다사416508
다사387520
다사401524
다사414495
다사400525
다사413500
다사415492
다사433502
다사419495
다사434509
다사400506
다사436501
다사427502
다사427492
다사393537
다사388526
다사407510
다사404522
다사402504
다사436509
다사440504
다사418478
다사418479
다사396534
다사415495
다사436493
다사415493
다사420480
다사399529
다사416526
다사428479
다사433505
다사435486
다사388520
다사395520
다사437483
다사416500
다사422527
다사393515
다사416514
다사417524
다사415504
다사423484
다사396511
다사429521
다사439505
다사443501
다사393516
다사426499
다사394507
다사423505
다사382534
다사396530
다사404507
다사420512
다사430488
다사430521
다사429481
다사405507
다사388527
다사422487
다사392513
다사416478
다사402523
다사408493
다사410502
다사433504
다사433488
다사418523
다사397509
다사431504
다사437511
다사426498
다사434517
다사388521
다사418493
다사435506
다사415480
다사425485
다사414501
다사376494
다사426480
다사435500
다사397533
다사420487
다사403525
다사444510
다사390514
다사422489
다사423512
다사421512
다사449504
다사423511
다사436488
다사437512
다사423487
다사425521
다사426510
다사412505
다사403521
다사417480
다사391524
다사422509
다사420509
다사424481
다사429509
다사432499
다사391534
다사432497
다사402525
다사419501
다사395519
다사414482
다사439512
다사389528
다사395532
다사414508
다사427504
다사432510
다사420495
다사429512
다사394520
다사418515
다사393509
다사422488
다사406509
다사428517
다사398515
다사427517
다사392515
다사390531
다사416502
다사413492
다사382541
다사417490
다사423518
다사398511
다사421495
다사432484
다사432491
다사428498
다사415484
다사422486
다사412490
다사443508
다사404528
다사437503
다사427506
다사399510
다사423515
다사445509
다사393511
다사436482
다사390512
다사414528
다사391529
다사397510
다사399517
다사418494
다사412503
다사419510
다사392530
다사441503
다사387525
다사424491
다사418500
다사399526
다사423489
다사428505
다사440505
다사394530
다사420499
다사415497
다사414500
다사430505
다사432479
다사439510
다사381540
다사446500
다사402505
다사431480
다사438512
다사392521
다사416485
다사394524
다사399515
다사401519
다사407507
다사433486
다사384546
다사430506
다사433517
다사381537
다사419509
다사450500
다사417485
다사444502
다사426485
다사416493
다사423517
다사405510
다사448504
다사420478
다사441507
다사415498
다사391526
다사428482
다사416494
다사424493
다사427508
다사421487
다사392537
다사414484
다사423493
다사434485
다사391525
다사428520
다사402500
다사417487
다사390513
다사418526
다사423516
다사397531
다사402510
다사433496
다사402519
다사383535
다사433497
다사436515
다사400513
다사424480
다사388518
다사413502
다사380541
다사384545
다사394532
다사415491
다사417519
다사420500
다사409497
다사430512
다사428485
다사399521
다사403504
다사430510
다사414486
다사408506
다사393523
다사427510
다사426478
다사431494
다사403524
다사412495
다사421513
다사394525
다사416483
다사444501
다사413503
다사419497
다사423496
다사387529
다사390533
다사409513
다사427484
다사436495
다사422518
다사399508
다사419490
다사411492
다사423514
다사394534
다사417477
다사418498
다사397520
다사425488
다사430487
다사422493
다사405503
다사420517
다사431512
다사427480
다사390528
다사421528
다사394529
다사438507
다사397512
다사428500
다사400524
다사420479
다사435482
다사432508
다사411497
다사438504
다사450501
다사424492
다사426484
다사429503
다사418524
다사425487
다사392527
다사403526
다사415501
다사419489
다사427498
다사417498
다사412492
다사432486
다사439503
다사426488
다사429480
다사412493
다사412496
다사427514
다사385529
다사427515
다사415489
다사422485
다사417517
다사410494
다사416515
다사394523
다사396532
다사418492
다사414488
다사418528
다사389532
다사419486
다사397506
다사395510
다사426507
다사418477
다사437480
다사394508
다사410495
다사418480
다사431481
다사396509
다사397529
다사389519
다사415528
다사414503
다사409508
다사416488
다사381536
다사398534
다사423501
다사400520
다사417509
다사393532
다사399519
다사402526
다사437487
다사399524
다사401504
다사423495
다사392518
다사420501
다사406506
다사435497
다사443504
다사392534
다사389530
다사393520
다사430486
다사398507
다사417492
다사398523
다사395527
다사396520
다사445505
다사420488
다사425516
다사390522
다사384533
다사418519
다사410503
다사426500
다사417503
다사384508
다사424519
다사404494
다사389548
다사403533
다사385500
다사394505
다사401509
다사409534
다사363519
다사386514
다사371528
다사405528
다사391499
다사420520
다사379496
다사435492
다사392547
다사394493
다사371518
다사375496
다사385531
다사439513
다사386547
다사364509
다사388509
다사387497
다사386552
다사358514
다사378497
다사362514
다사372498
다사429498
다사406500
다사370503
다사404544
다사397546
다사399536
다사409516
다사361521
다사379552
다사403498
다사377501
다사389495
다사377528
다사366509
다사380516
다사383506
다사436492
다사394545
다사377538
다사405532
다사368504
다사448507
다사370519
다사385502
다사370506
다사427488
다사360516
다사356501
다사381549
다사407539
다사355506
다사385548
다사449507
다사371506
다사383504
다사394514
다사429524
다사421530
다사377527
다사386530
다사389507
다사400536
다사408531
다사387505
다사380497
다사379529
다사386522
다사430499
다사360506
다사414511
다사409519
다사452502
다사376509
다사390507
다사384506
다사375494
다사376537
다사385524
다사384505
다사386501
다사371504
다사405531
다사373496
다사381501
다사371500
다사387532
다사417504
다사358505
다사405523
다사413538
다사359509
다사384525
다사392497
다사382545
다사404533
다사427496
다사450505
다사388550
다사429527
다사440514
다사393495
다사379508
다사373505
다사399537
다사407522
다사376517
다사377499
다사384509
다사395500
다사374537
다사386534
다사428490
다사373537
다사385499
다사400493
다사368506
다사434514
다사370527
다사397553
다사438517
다사405542
다사358512
다사390506
다사394499
다사378524
다사386532
다사387548
다사424510
다사430492
다사441513
다사418530
다사376500
다사400517
다사427512
다사370517
다사376534
다사401544
다사365514
다사367526
다사374519
다사377539
다사378518
다사392550
다사355502
다사422507
다사389510
다사385556
다사403545
다사410536
다사405534
다사365522
다사371519
다사390497
다사375532
다사379513
다사363512
다사412533
다사372528
다사381514
다사380496
다사422522
다사373527
다사387509
다사409527
다사383509
다사388548
다사385550
다사385547
다사370520
다사378531
다사389545
다사404515
다사354507
다사351509
다사377525
다사376539
다사403534
다사405499
다사393499
다사360512
다사377492
다사430500
다사412536
다사383525
다사388557
다사409529
다사431498
다사406513
다사438515
다사404518
다사385562
다사378505
다사372505
다사380499
다사389509
다사375495
다사407515
다사397547
다사373524
다사392503
다사387541
다사426524
다사362513
다사412530
다사393538
다사410511
다사375516
다사402537
다사399543
다사380523
다사382555
다사448509
다사382494
다사406537
다사372508
다사352508
다사425517
다사398493
다사405519
다사404527
다사404541
다사383517
다사382557
다사373521
다사381495
다사363502
다사414517
다사384524
다사387535
다사407537
다사418535
다사404529
다사395505
다사368509
다사421531
다사363522
다사399549
다사402497
다사439517
다사374508
다사405545
다사366504
다사385520
다사375534
다사393493
다사423522
다사377500
다사373503
다사426511
다사380500
다사362507
다사380513
다사376538
다사376523
다사418505
다사395552
다사438514
다사373509
다사425530
다사369520
다사378516
다사360503
다사412522
다사434490
다사390503
다사388538
다사368512
다사449510
다사436491
다사386561
다사411525
다사380524
다사382547
다사393501
다사423523
다사357507
다사446510
다사418503
다사371514
다사408521
다사404525
다사409517
다사363503
다사365510
다사407516
다사361499
다사365515
다사384510
다사409539
다사408498
다사413530
다사366510
다사401493
다사378510
다사360511
다사445510
다사373518
다사408510
다사452510
다사381527
다사363518
다사387510
다사395553
다사420507
다사417476
다사375525
다사375524
다사428525
다사383553
다사366501
다사386502
다사408537
다사404516
다사401535
다사370515
다사379519
다사427526
다사382520
다사381498
다사419513
다사408533
다사403537
다사391497
다사373526
다사399540
다사442510
다사380535
다사389540
다사386506
다사369516
다사414536
다사398496
다사443512
다사374534
다사384542
다사389538
다사384513
다사410517
다사366521
다사401548
다사413524
다사385559
다사431500
다사418534
다사382505
다사362501
다사381507
다사426527
다사367508
다사385518
다사378492
다사402538
다사405511
다사365525
다사375521
다사402544
다사357510
다사402508
다사365512
다사375515
다사380507
다사413522
다사395542
다사393544
다사376518
다사427516
다사365526
다사409538
다사441512
다사405544
다사386512
다사404521
다사410510
다사377516
다사412529
다사387503
다사408534
다사386499
다사395507
다사388505
다사387495
다사384520
다사376519
다사421520
다사401542
다사396501
다사396536
다사385510
다사376514
다사411529
다사407535
다사410532
다사384547
다사379515
다사406515
다사392545
다사419530
다사427525
다사382540
다사389501
다사409540
다사393504
다사380508
다사436490
다사364508
다사448512
다사375498
다사386509
다사386558
다사428524
다사377515
다사373512
다사368500
다사368529
다사380526
다사354504
다사391507
다사378542
다사387555
다사395543
다사361516
다사418502
다사382498
다사409500
다사391540
다사416521
다사387533
다사364516
다사373502
다사377530
다사362517
다사410537
다사379554
다사392544
다사361510
다사379521
다사381515
다사411516
다사387502
다사374527
다사359511
다사391508
다사401497
다사394495
다사380493
다사365498
다사374495
다사410521
다사443514
다사386519
다사395513
다사396550
다사354508
다사376491
다사376490
다사381508
다사378532
다사383551
다사396500
다사386548
다사421511
다사360504
다사387519
다사400540
다사437498
다사400535
다사403523
다사395531
다사429497
다사413520
다사394506
다사384560
다사373533
다사393549
다사387511
다사442513
다사407541
다사380509
다사394554
다사427478
다사399539
다사368524
다사403518
다사370502
다사371516
다사403543
다사450507
다사425528
다사451500
다사397550
다사355504
다사435493
다사407524
다사424527
다사423532
다사422528
다사372499
다사404499
다사392557
다사439515
다사383524
다사401507
다사365520
다사410528
다사398544
다사384511
다사434518
다사385523
다사362500
다사382506
다사379533
다사394540
다사382526
다사412521
다사400514
다사378530
다사388511
다사354505
다사434491
다사408513
다사395497
다사393550
다사400496
다사368515
다사386511
다사408512
다사428511
다사397513
다사414524
다사376541
다사407534
다사410539
다사429494
다사357504
다사413535
다사411507
다사428509
다사376496
다사393505
다사374497
다사391541
다사420522
다사381532
다사409528
다사391539
다사372529
다사391558
다사401506
다사367498
다사396492
다사360519
다사384499
다사438503
다사383559
다사381548
다사409518
다사398501
다사397492
다사376540
다사397501
다사392507
다사414523
다사406521
다사404534
다사358504
다사425519
다사429490
다사368526
다사405520
다사443513
다사359506
다사389557
다사364502
다사388498
다사385530
다사377509
다사361500
다사385542
다사402540
다사384558
다사395496
다사388533
다사420529
다사376532
다사383520
다사392555
다사438513
다사401537
다사390556
다사352506
다사402495
다사434512
다사382524
다사358509
다사406540
다사377536
다사404508
다사378514
다사430490
다사393492
다사368505
다사394542
다사377526
다사428478
다사384540
다사403494
다사422523
다사366513
다사360515
다사392548
다사390554
다사415523
다사363523
다사381526
다사388504
다사386556
다사363510
다사379523
다사395539
다사361514
다사368499
다사381534
다사374507
다사381500
다사432489
다사356504
다사380542
다사365516
다사387544
다사428527
다사415534
다사377496
다사361507
다사432519
다사392539
다사377507
다사380528
다사365519
다사373519
다사373528
다사352509
다사386562
다사405515
다사441501
다사446513
다사379539
다사409510
다사380521
다사418513
다사398494
다사451509
다사386545
다사375533
다사389499
다사382519
다사375530
다사377498
다사432494
다사374533
다사406538
다사399542
다사379506
다사387500
다사361502
다사367516
다사429499
다사367530
다사407500
다사378537
다사397549
다사428521
다사390537
다사389553
다사438516
다사404514
다사409531
다사368517
다사407531
다사405498
다사396497
다사367518
다사376501
다사427494
다사384498
다사372514
다사394513
다사418504
다사375506
다사383522
다사387508
다사407501
다사383499
다사383507
다사388545
다사368530
다사396493
다사409524
다사363505
다사378521
다사405539
다사363504
다사408514
다사405526
다사361513
다사353506
다사428494
다사369522
다사364505
다사370504
다사398552
다사388502
다사355507
다사425529
다사371511
다사419535
다사412519
다사374501
다사389508
다사435505
다사381506
다사390501
다사352510
다사415536
다사399544
다사384515
다사406529
다사450511
다사442501
다사359501
다사408529
다사415520
다사366528
다사399532
다사432495
다사392495
다사373498
다사382495
다사382551
다사387553
다사395541
다사399497
다사413515
다사407528
다사437516
다사402545
다사420523
다사364510
다사433518
다사403513
다사377534
다사364522
다사369512
다사392504
다사379538
다사361520
다사390535
다사403532
다사366508
다사381528
다사380504
다사406531
다사445514
다사357511
다사378534
다사388497
다사371532
다사371499
다사402531
다사365513
다사368501
다사379520
다사382542
다사359523
다사392505
다사362510
다사403547
다사432504
다사391543
다사381545
다사401494
다사363507
다사379505
다사391509
다사383563
다사429493
다사376522
다사386520
다사415524
다사367512
다사364504
다사405527
다사385507
다사364506
다사385561
다사379499
다사382552
다사377512
다사388543
다사387499
다사416533
다사400541
다사444515
다사375507
다사396495
다사433491
다사370522
다사389505
다사394546
다사385513
다사369530
다사420502
다사374505
다사357509
다사393542
다사383502
다사383539
다사390551
다사396503
다사363508
다사366503
다사377518
다사360523
다사388534
다사404520
다사385551
다사386504
다사392506
다사403517
다사386531
다사412524
다사386515
다사388503
다사433494
다사425527
다사411538
다사384517
다사385563
다사441511
다사366502
다사430497
다사449509
다사381557
다사388496
다사407533
다사377511
다사380556
다사381494
다사378528
다사393546
다사374536
다사410512
다사392543
다사380506
다사389560
다사427497
다사366518
다사415535
다사364521
다사369517
다사435479
다사370499
다사405513
다사416530
다사396502
다사356512
다사396512
다사385497
다사448506
다사427509
다사404497
다사422521
다사428522
다사417530
다사399547
다사367500
다사379528
다사414519
다사360501
다사364519
다사386541
다사422529
다사391516
다사397499
다사452509
다사402515
다사380532
다사385552
다사407530
다사401541
다사401547
다사383512
다사376527
다사372527
다사376488
다사381491
다사377533
다사370498
다사366505
다사440512
다사388510
다사390553
다사397494
다사374493
다사406517
다사430491
다사355505
다사379535
다사396546
다사409525
다사359513
다사380520
다사385498
다사412534
다사389503
다사426518
다사382508
다사380501
다사426520
다사368525
다사375528
다사383521
다사444511
다사361508
다사394504
다사376516
다사388556
다사372496
다사381544
다사374512
다사382501
다사386507
다사426521
다사385533
다사388559
다사390540
다사383556
다사431523
다사385504
다사364520
다사411534
다사377529
다사390499
다사408516
다사378489
다사374524
다사370514
다사379500
다사411530
다사394555
다사415538
다사440513
다사409514
다사377505
다사405512
다사394556
다사384518
다사393494
다사382503
다사366529
다사383531
다사376528
다사381502
다사379503
다사404536
다사371498
다사378501
다사362521
다사413512
다사406520
다사384556
다사366516
다사389496
다사429491
다사392500
다사410493
다사387540
다사403546
다사392551
다사415513
다사358510
다사406534
다사412532
다사361506
다사442506
다사380551
다사409512
다사380554
다사375519
다사408501
다사378488
다사397498
다사370518
다사411520
다사370509
다사395504
다사405536
다사387560
다사395555
다사376492
다사397551
다사385509
다사360522
다사352505
다사382509
다사404495
다사383511
다사380527
다사397542
다사431502
다사372501
다사367524
다사386538
다사431522
다사437518
다사447510
다사384539
다사401534
다사371523
다사376503
다사389539
다사423527
다사397535
다사376530
다사424526
다사396514
다사365509
다사380548
다사362516
다사396543
다사451507
다사376493
다사424528
다사350508
다사380545
다사380491
다사399550
다사360510
다사380531
다사389555
다사390546
다사379516
다사385508
다사402507
다사427527
다사433519
다사432506
다사435490
다사361517
다사394502
다사367515
다사381504
다사412539
다사394538
다사386559
다사378506
다사402530
다사435518
다사401533
다사451510
다사406512
다사369504
다사393545
다사402517
다사402532
다사379510
다사359521
다사397541
다사362515
다사390544
다사438518
다사406541
다사364515
다사415522
다사440516
다사396505
다사393552
다사382518
다사390559
다사394543
다사404513
다사424518
다사383557
다사433522
다사387542
다사386555
다사355510
다사393500
다사394503
다사381558
다사426526
다사443511
다사379536
다사380510
다사450504
다사447512
다사374509
다사379491
다사419503
다사397502
다사398524
다사365506
다사375499
다사389542
다사403531
다사404543
다사406542
다사410516
다사368502
다사400533
다사400509
다사386513
다사378513
다사451501
다사365517
다사441515
다사383549
다사387545
다사369526
다사378495
다사392541
다사377497
다사384561
다사356508
다사388537
다사395547
다사397540
다사366500
다사384519
다사393502
다사369531
다사375523
다사382492
다사385534
다사451499
다사379526
다사402533
다사376497
다사449505
다사419534
다사388558
다사434492
다사379522
다사430496
다사407521
다사384507
다사387534
다사382516
다사410508
다사396548
다사377523
다사389494
다사414525
다사393543
다사394496
다사370524
다사421502
다사393541
다사386553
다사395550
다사381556
다사394539
다사429478
다사417502
다사390543
다사427493
다사399506
다사363500
다사381553
다사369513
다사382496
다사389541
다사387516
다사366512
다사383547
다사411512
다사366526
다사431499
다사377522
다사381503
다사382530
다사417518
다사375509
다사398550
다사444514
다사385501
다사404517
다사381510
다사405529
다사365518
다사405537
다사387546
다사404535
다사409502
다사402493
다사369498
다사380559
다사377540
다사369502
다사419533
다사384521
다사392492
다사395493
다사391504
다사375504
다사418532
다사375497
다사386526
다사409533
다사382560
다사392499
다사376505
다사379518
다사405533
다사412510
다사394547
다사360514
다사418536
다사384501
다사403493
다사380529
다사384562
다사407502
다사395551
다사358502
다사416524
다사385554
다사391495
다사388539
다사363511
다사369510
다사365502
다사369515
다사385527
다사384496
다사389500
다사409542
다사376535
다사359504
다사362519
다사369503
다사377537
다사386496
다사371533
다사400529
다사383538
다사400544
다사388560
다사404493
다사435521
다사393540
다사383495
다사384530
다사384564
다사371531
다사429525
다사403529
다사400494
다사377517
다사391546
다사389504
다사439518
다사374514
다사379534
다사378515
다사378541
다사373506
다사411535
다사376498
다사371529
다사408540
다사421532
다사380533
다사387514
다사373510
다사399545
다사379512
다사422524
다사398503
다사410522
다사377503
다사378504
다사453500
다사414521
다사372515
다사400495
다사386542
다사400515
다사359515
다사411510
다사371508
다사427524
다사384497
다사382528
다사362505
다사374529
다사398546
다사401538
다사409493
다사365504
다사432492
다사386521
다사390500
다사379537
다사381543
다사374511
다사396504
다사411521
다사396531
다사409526
다사394531
다사426496
다사449511
다사442514
다사431497
다사413510
다사429495
다사406501
다사411533
다사381530
다사367505
다사400510
다사420503
다사389547
다사388500
다사444513
다사442516
다사411517
다사368523
다사397500
다사421506
다사435520
다사367514
다사435511
다사372497
다사411539
다사373500
다사404537
다사378503
다사380555
다사364511
다사387539
다사380543
다사369505
다사385543
다사407523
다사372509
다사409541
다사426509
다사354510
다사366499
다사437515
다사399538
다사433510
다사432500
다사400508
다사436520
다사382510
다사395492
다사403527
다사390502
다사386551
다사377489
다사380530
다사354509
다사407544
다사372511
다사396498
다사392542
다사430501
다사411522
다사400542
다사403508
다사407511
다사363520
다사385525
다사391545
다사373531
다사410525
다사429500
다사404539
다사390552
다사436512
다사394552
다사367502
다사417535
다사377490
다사396499
다사392556
다사367504
다사382529
다사396510
다사358506
다사396496
다사421522
다사369507
다사396494
다사355508
다사404538
다사387561
다사385511
다사411515
다사376489
다사369509
다사382517
다사378529
다사408518
다사399548
다사400537
다사381489
다사450509
다사365501
다사389556
다사404512
다사404501
다사433521
다사430522
다사452508
다사394548
다사426525
다사441514
다사379511
다사364507
다사386523
다사446512
다사368527
다사392552
다사393547
다사418531
다사384512
다사428523
다사373515
다사376506
다사373517
다사407529
다사378493
다사390493
다사445512
다사399541
다사384553
다사431492
다사390505
다사428526
다사413540
다사420530
다사370513
다사379498
다사403507
다사375518
다사390550
다사380518
다사437514
다사362503
다사401515
다사414535
다사378519
다사405516
다사364501
다사385553
다사407526
다사449508
다사444507
다사399546
다사368513
다사409536
다사432493
다사398547
다사378525
다사367519
다사409537
다사370528
다사383550
다사403512
다사402547
다사413533
다사372510
다사371501
다사390504
다사389546
다사408517
다사388506
다사377491
다사420534
다사382554
다사397495
다사431506
다사384503
다사446511
다사384528
다사436518
다사358508
다사387506
다사422533
다사361512
다사422531
다사406526
다사401495
다사377502
다사380503
다사375511
다사407519
다사428491
다사400539
다사406518
다사394497
다사368503
다사370501
다사371502
다사378535
다사412509
다사406525
다사374506
다사377506
다사385549
다사383494
다사432521
다사408525
다사393503
다사426503
다사400549
다사414522
다사408541
다사433492
다사362518
다사430494
다사382559
다사421521
다사383526
다사408530
다사395549
다사410513
다사385496
다사413529
다사374520
다사413539
다사381499
다사378508
다사389535
다사401532
다사379527
다사374528
다사355511
다사384504
다사359502
다사388508
다사381520
다사427511
다사363499
다사388507
다사391548
다사420531
다사381521
다사433500
다사374513
다사386517
다사376510
다사430493
다사412528
다사416511
다사372503
다사351508
다사367503
다사410534
다사367523
다사379556
다사407542
다사393553
다사359503
다사372520
다사419525
다사404532
다사395537
다사416531
다사408538
다사395514
다사448510
다사364500
다사388552
다사375536
다사421523
다사380552
다사432520
다사365521
다사380536
다사369514
다사375520
다사391493
다사444508
다사410514
다사377493
다사410526
다사383558
다사432496
다사390558
다사403502
다사372525
다사413519
다사423521
다사368520
다사381551
다사411511
다사421508
다사406533
다사386533
다사387559
다사376513
다사359520
다사396545
다사397497
다사416536
다사422532
다사371530
다사412523
다사380553
다사405518
다사392501
다사396554
다사395498
다사384538
다사383527
다사402528
다사408522
다사447513
다사378511
다사397552
다사363515
다사372519
다사388531
다사381517
다사430498
다사381552
다사391557
다사396549
다사431490
다사366527
다사419514
다사398548
다사414527
다사373499
다사402546
다사372530
다사371525
다사399496
다사433520
다사362506
다사366524
다사395499
다사385522
다사410524
다사405514
다사384557
다사356510
다사396547
다사383513
다사397505
다사405525
다사399503
다사364514
다사417534
다사403541
다사381516
다사373516
다사414516
다사368516
다사376529
다사362511
다사351507
다사410538
다사359522
다사392549
다사356507
다사373522
다사409511
다사377519
다사396539
다사430523
다사356511
다사395538
다사445513
다사380490
다사394551
다사360521
다사397539
다사383537
다사375493
다사380558
다사378499
다사415521
다사412541
다사373507
다사384552
다사378517
다사403544
다사372513
다사392546
다사380494
다사376536
다사413526
다사401514
다사416520
다사376507
다사385560
다사391505
다사371505
다사402514
다사385526
다사376495
다사374521
다사423510
다사440515
다사367510
다사379542
다사388523
다사375517
다사434522
다사415517
다사418476
다사418533
다사378498
다사386554
다사405502
다사410535
다사374500
다사451508
다사377531
다사405500
다사370525
다사375502
다사417529
다사380549
다사411527
다사353504
다사410519
다사364512
다사400532
다사371522
다사410530
다사375501
다사400530
다사374496
다사400492
다사387554
다사400502
다사398542
다사382511
다사364523
다사382550
다사362522
다사360507
다사371526
다사395548
다사385528
다사387523
다사379540
다사382500
다사358503
다사365524
다사407543
다사384516
다사452501
다사394541
다사407520
다사358507
다사375527
다사404498
다사403539
다사385521
다사389550
다사389552
다사404545
다사425514
다사382562
다사383497
다사382507
다사376525
다사371507
다사385536
다사391494
다사372524
다사409543
다사407496
다사411508
다사397496
다사385546
다사375531
다사417533
다사381509
다사400548
다사388549
다사373504
다사415516
다사373513
다사391553
다사406503
다사426495
다사426529
다사387557
다사388553
다사382497
다사390494
다사432505
다사444499
다사406544
다사368514
다사357505
다사383562
다사403536
다사405535
다사380502
다사401539
다사370512
다사383515
다사434521
다사431524
다사386560
다사374516
다사397523
다사358513
다사371521
다사401530
다사369506
다사383554
다사377514
다사430495
다사392532
다사416534
다사398492
다사409515
다사384529
다사381523
다사403496
다사361511
다사391544
다사386498
다사451502
다사386550
다사408500
다사360520
다사376504
다사379490
다사408524
다사384522
다사413523
다사372523
다사399495
다사413521
다사367517
다사385512
다사384559
다사369499
다사367507
다사398500
다사395554
다사375529
다사367511
다사441516
다사391502
다사387543
다사392493
다사388546
다사368528
다사383500
다사393497
다사442512
다사401502
다사428499
다사398551
다사424529
다사405543
다사385544
다사414526
다사398543
다사398538
다사371517
다사383540
다사368511
다사435519
다사385541
다사406543
다사387504
다사362509
다사430502
다사372522
다사389559
다사373529
다사379557
다사369524
다사383508
다사404500
다사381547
다사360513
다사382549
다사413517
다사433479
다사382527
다사424531
다사369508
다사384527
다사382504
다사376508
다사403530
다사396542
다사373520
다사381518
다사372512
다사391542
다사355509
다사419506
다사360508
다사385537
다사429526
다사378527
다사394536
다사395546
다사426494
다사372504
다사390538
다사428496
다사413531
다사373508
다사364517
다사410542
다사374532
다사387558
다사397548
다사389502
다사408527
다사374499
다사408528
다사412525
다사388555
다사365505
다사388547
다사369500
다사364518
다사411537
다사432507
다사366498
다사399501
다사412485
다사389554
다사396537
다사380495
다사389506
다사413536
다사440502
다사411532
다사413525
다사452500
다사364525
다사382539
다사445499
다사367499
다사400538
다사363506
다사405541
다사400504
다사392553
다사375491
다사374535
다사376521
다사403540
다사408515
다사376526
다사369529
다사380544
다사366507
다사381555
다사380557
다사452499
다사387538
다사378502
다사411541
다사431493
다사416535
다사370526
다사404546
다사413484
다사361518
다사383518
다사402492
다사362520
다사419502
다사380522
다사431507
다사408532
다사367529
다사370500
다사386510
다사397493
다사385517
다사387549
다사383560
다사396551
다사406524
다사390541
다사428513
다사396538
다사417536
다사371515
다사385495
다사390555
다사374531
다사404542
다사370505
다사365523
다사381496
다사407536
다사377513
다사380492
다사391492
다사417512
다사379555
다사421507
다사380511
다사397537
다사397517
다사399505
다사371513
다사373511
다사426528
다사381524
다사431495
다사417532
다사389498
다사412535
다사373534
다사378494
다사432523
다사395544
다사421529
다사370530
다사369528
다사384548
다사390495
다사384526
다사388542
다사413518
다사397536
다사424479
다사383552
다사401496
다사363516
다사379543
다사375505
다사408523
다사377488
다사402541
다사382558
다사382515
다사394501
다사392538
다사370507
다사395536
다사431501
다사369521
다사381497
다사401492
다사385516
다사386536
다사419505
다사371509
다사382538
다사395495
다사375514
다사394550
다사374526
다사366506
다사401516
다사378509
다사373532
다사432522
다사411528
다사389551
다사401517
다사384502
다사451506
다사391554
다사391500
다사391550
다사401510
다사415532
다사382512
다사387507
다사391501
다사363517
다사422506
다사368522
다사379497
다사378507
다사362512
다사357502
다사377510
다사361519
다사408526
다사383519
다사368507
다사450503
다사404540
다사410540
다사373501
다사371512
다사385540
다사382531
다사386557
다사378539
다사384549
다사379493
다사382561
다사400547
다사423529
다사398540
다사381513
다사446509
다사411513
다사378540
다사372516
다사385532
다사427513
다사391549
다사414532
다사419532
다사403495
다사385515
다사404531
다사386540
다사357512
다사374517
다사413516
다사381511
다사381533
다사419529
다사367520
다사394549
다사400543
다사370510
다사427495
다사382532
다사378522
다사399534
다사384550
다사409520
다사420477
다사386508
다사393551
다사401546
다사414533
다사402535
다사404530
다사383542
다사390539
다사380512
다사363514
다사415511
다사393554
다사392496
다사403515
다사390496
다사413527
다사425518
다사391506
다사399492
다사386495
다사372533
다사390547
다사399493
다사373514
다사383498
다사386497
다사361501
다사370516
다사406535
다사389536
다사387498
다사448508
다사388512
다사387550
다사354506
다사370529
다사389549
다사408543
다사445511
다사410541
다사371503
다사422508
다사399507
다사374518
다사385538
다사429513
다사399504
다사424530
다사398537
다사423519
다사429523
다사450506
다사391496
다사366520
다사431521
다사416532
다사416497
다사380489
다사360509
다사439516
다사366517
다사377495
다사374523
다사373535
다사438480
다사395512
다사351510
다사377508
다사403516
다사397514
다사414539
다사437494
다사356509
다사436511
다사434493
다사358501
다사359514
다사379501
다사356505
다사406527
다사378490
다사381490
다사387515
다사405501
다사439514
다사367528
다사390548
다사403542
다사383496
다사391498
다사383516
다사369525
다사408502
다사385505
다사386546
다사390536
다사414518
다사363521
다사374503
다사385514
다사382514
다사382513
다사386544
다사401511
다사413528
다사382493
다사405530
다사397543
다사382544
다사420505
다사387552
다사379509
다사378523
다사434520
다사411524
다사408509
다사427521
다사360502
다사384514
다사420532
다사403538
다사408542
다사365511
다사381560
다사379553
다사402506
다사407495
다사393548
다사437499
다사361505
다사408536
다사435491
다사412518
다사397545
다사401521
다사415518
다사431491
다사383510
다사398504
다사377535
다사387537
다사392498
다사400545
다사423530
다사374515
다사367501
다사380517
다사359508
다사414538
다사366519
다사392502
다사446508
다사362504
다사393498
다사386516
다사426512
다사375508
다사376515
다사442515
다사353505
다사384495
다사419531
다사402534
다사404519
다사380514
다사377532
다사385503
다사394492
다사412520
다사379517
다사357513
다사377541
다사377524
다사389531
다사391551
다사408519
다사426523
다사385519
다사415533
다사388532
다사411526
다사375512
다사388495
다사433493
다사393506
다사416529
다사406516
다사407527
다사374502
다사380505
다사376512
다사376520
다사390549
다사407525
다사379514
다사391556
다사368519
다사374504
다사377494
다사380534
다사381554
다사394500
다사398545
다사408503
다사413485
다사385506
다사410520
다사413532
다사372506
다사406528
다사437517
다사415527
다사401536
다사407540
다사411514
다사365503
다사430524
다사378500
다사369519
다사359507
다사383503
다사375522
다사395502
다사381559
다사449506
다사396540
다사380515
다사384555
다사386537
다사422477
다사436519
다사367509
다사379504
다사393496
다사389537
다사357503
다사369523
다사377521
다사398502
다사403497
다사381531
다사412540
다사409521
다사365507
다사364499
다사376524
다사390557
다사402494
다사379524
다사385557
다사402536
다사411519
다사387556
다사401531
다사393539
다사399494
다사383548
다사440517
다사383501
다사402542
다사374510
다사391503
다사372526
다사379530
다사368521
다사382525
다사411531
다사398505
다사442511
다사386543
다사372518
다사402548
다사381550
다사397544
다사365499
다사398495
다사400505
다사412508
다사375535
다사408539
다사383514
다사356503
다사376499
다사362499
다사386535
다사421519
다사421503
다사401545
다사374498
다사385535
다사408535
다사378512
다사380525
다사410529
다사385545
다사400534
다사406530
다사420504
다사414520
다사382556
다사381522
다사411540
다사387547
다사376487
다사363513
다사382523
다사386549
다사381519
다사354511
다사412537
다사431496
다사372502
다사366522
다사410518
다사443515
다사420506
다사387531
다사414537
다사379525
다사400531
다사384554
다사388535
다사400497
다사396553
다사387536
다사429514
다사444512
다사352507
다사387496
다사359512
다사393555
다사407538
다사379531
다사405538
다사364513
다사356506
다사371520
다사365508
다사379489
다사367525
다사386503
다사371510
다사442500
다사402543
다사377520
다사369518
다사409523
다사423528
다사371524
다사416537
다사392554
다사377504
다사396522
다사368510
다사370523
다사397503
다사379492
다사365500
다사381492
다사395545
다사381529
다사378496
다사383529
다사411509
다사386505
다사398541
다사367522
다사403514
다사407532
다사410533
다사384551
다사378526
다사389497
다사425526
다사384563
다사372531
다사373497
다사414512
다사421509
다사379532
다사409509
다사407517
다사386500
다사399498
다사410523
다사412527
다사406539
다사369501
다사412511
다사372507
다사413514
다사374494
다사423477
다사402539
다사390542
다사390498
다사400516
다사432518
다사373536
다사434479
다사397538
다사432501
다사409535
다사417521
다사377487
다사414481
다사374522
다사373525
다사415519
다사383528
다사404526
다사409530
다사398549
다사370511
다사374530
다사394498
다사387501
다사391537
다사405540
다사411518
다사358511
다사448511
다사378538
다사390509
다사421533
다사416522
다사359505
다사353508
다사383530
다사401543
다사389544
다사383561
다사366511
다사394494
다사411487
다사392508
다사350509
다사391547
다사387530
다사438502
다사365527
다사367521
다사373523
다사390508
다사382543
다사404510
다사443510
다사383541
다사377542
다사371527
다사366514
다사370531
다사380519
다사411523
다사381493
다사401540
다사382533
다사433515
다사451503
다사399502
다사419504
다사375510
다사413534
다사423531
다사382499
다사385555
다사388544
다사382546
다사384537
다사366515
다사395503
다사361504
다사376531
다사406519
다사414515
다사372521
다사397504
다사429522
다사368518
다사379541
다사392494
다사357506
다사406532
다사391552
다사383555
다사403528
다사403501
다사415537
다사418529
다사395540
다사398499
다사404496
다사413537
다사388554
다사362502
다사406536
다사367527
다사369511
다사396544
다사383505
다사427523
다사381525
다사430525
다사381505
다사450508
다사421510
다사447511
다사407499
다사387551
다사396552
다사380498
다사375500
다사379494
다사388499
다사400546
다사394544
다사363501
다사378536
다사379495
다사385539
다사361509
다사370521
다사426513
다사380488
다사409532
다사356502
다사388501
다사442509
다사368508
다사388540
다사368498
다사396541
다사386518
다사429496
다사384541
다사437519
다사360505
다사384523
다사434519
다사427528
다사422530
다사388541
다사389558
다사408520
다사376511
다사397524
다사355503
다사387512
다사412515
다사378520
다사359510
다사373530
다사382548
다사384500
다사375526
다사389543
다사400507
다사379507
다사405497
다사372532
다사390545
다사447508
다사381512
다사400511
다사376502
다사367513
다사409522
다사436517
다사372500
다사361503
다사382502
다사372517
다사391555
다사375503
다사428512
다사412531
다사434513
다사447509
다사395494
다사387513
다사407518
다사391538
다사382522
다사385558
다사403535
다사394537
다사412538
다사450510
다사361515
다사366523
다사397525
다사357501
다사382553
다사378533
다사414534
다사383523
다사412517
다사412516
다사375513
다사420533
다사405524
다사394553
다사364503
다사411536
다사388551
다사402496
다사400503
다사393556
다사357508
다사413511
다사417531
다사367506
다사388536
다사374525
다사410531
다사413483
다사428495
다사421516
다사412514
다사405517
다사369527
다사382521
다사366525
다사399533
다사370508
다사376533
다사412526
다사395501
다사379502
다사410515
다사410527
다사436479
다사406502
다사379488
다사410509
다사378491
다사398539
다사362508
다사569610
다사588585
다사579598
다사580602
다사599586
다사569577
다사573595
다사573588
다사568602
다사568608
다사581574
다사590571
다사571613
다사586587
다사569575
다사570582
다사566633
다사574601
다사598580
다사568616
다사579605
다사570599
다사579576
다사590597
다사576582
다사565617
다사568631
다사573577
다사565636
다사582596
다사586576
다사585580
다사570607
다사557619
다사592592
다사572608
다사563603
다사571588
다사564610
다사580584
다사562608
다사579589
다사586571
다사574581
다사599583
다사571593
다사583601
다사580608
다사571612
다사591593
다사574579
다사585574
다사572586
다사589598
다사579575
다사581587
다사569606
다사581605
다사567577
다사579590
다사582593
다사581592
다사573606
다사557603
다사592583
다사570603
다사581595
다사567627
다사589597
다사580590
다사585605
다사593593
다사570619
다사575583
다사577608
다사591584
다사569581
다사570588
다사575589
다사572590
다사575608
다사566579
다사569629
다사573597
다사588601
다사561639
다사570589
다사568604
다사572605
다사575578
다사577574
다사578587
다사578589
다사564599
다사574577
다사575580
다사578578
다사573609
다사568576
다사592573
다사591585
다사568586
다사567600
다사592572
다사572600
다사569602
다사585578
다사570583
다사572599
다사582601
다사594591
다사590570
다사578609
다사580599
다사571601
다사597586
다사585570
다사571578
다사571605
다사588587
다사580578
다사574575
다사571577
다사568614
다사586584
다사575576
다사575587
다사567602
다사584597
다사577607
다사574600
다사566605
다사569590
다사559604
다사579604
다사580572
다사577600
다사580583
다사565606
다사587581
다사587576
다사584599
다사570575
다사575602
다사574594
다사581606
다사571584
다사582597
다사572604
다사576598
다사558609
다사573585
다사576599
다사575585
다사570577
다사567626
다사583586
다사585602
다사584578
다사583598
다사601584
다사580604
다사577597
다사564626
다사563604
다사578572
다사568577
다사600585
다사575609
다사575577
다사590588
다사579580
다사572582
다사580580
다사574574
다사583606
다사571606
다사569631
다사570622
다사582574
다사567615
다사567613
다사578595
다사585586
다사574606
다사566625
다사586585
다사581579
다사568578
다사587578
다사579579
다사568601
다사588583
다사569586
다사569588
다사569623
다사583594
다사580587
다사568580
다사576588
다사600586
다사571609
다사576591
다사568605
다사578601
다사559589
다사579582
다사578586
다사568624
다사577585
다사586602
다사578600
다사581578
다사570579
다사579593
다사588575
다사567633
다사587568
다사575579
다사580571
다사574593
다사565609
다사581593
다사568615
다사593588
다사582576
다사570624
다사568627
다사583604
다사569612
다사568620
다사564598
다사566597
다사589572
다사576596
다사584577
다사578583
다사592574
다사584586
다사568632
다사575592
다사571602
다사598583
다사590574
다사580606
다사576605
다사576593
다사598585
다사582577
다사578590
다사591594
다사588571
다사566609
다사570618
다사581599
다사574576
다사573598
다사580588
다사588596
다사584594
다사571598
다사579591
다사569621
다사585603
다사591597
다사584595
다사578577
다사570590
다사585569
다사575593
다사574591
다사567580
다사581600
다사576608
다사564640
다사585595
다사573594
다사566596
다사587603
다사572597
다사588592
다사569598
다사572581
다사569597
다사578594
다사576606
다사572578
다사589585
다사577610
다사569625
다사585598
다사572577
다사585575
다사588579
다사573589
다사585600
다사585601
다사569596
다사584574
다사588598
다사577578
다사578593
다사576573
다사574582
다사576585
다사580609
다사574590
다사574607
다사589578
다사592589
다사567609
다사575596
다사568603
다사587597
다사588593
다사567616
다사568597
다사583583
다사582584
다사555605
다사567629
다사573610
다사599585
다사577590
다사593573
다사587595
다사587572
다사589575
다사570578
다사571589
다사580594
다사569587
다사582595
다사583599
다사568613
다사583574
다사568607
다사581582
다사583582
다사573587
다사573602
다사570626
다사580600
다사579601
다사573574
다사585585
다사592575
다사578608
다사567632
다사578582
다사569593
다사565624
다사577575
다사586604
다사570580
다사578596
다사570611
다사570601
다사590586
다사577594
다사593591
다사565602
다사577605
다사582582
다사565599
다사593586
다사574578
다사583602
다사576572
다사572593
다사567631
다사570610
다사573608
다사570581
다사588581
다사569617
다사568630
다사565604
다사591592
다사577591
다사579602
다사571624
다사594586
다사590592
다사597588
다사563599
다사565635
다사568581
다사567622
다사584579
다사564636
다사577593
다사571607
다사559636
다사572598
다사582604
다사577581
다사573601
다사588569
다사587585
다사580582
다사568621
다사583595
다사570620
다사557630
다사567581
다사580586
다사570623
다사570600
다사588570
다사569622
다사573590
다사576574
다사587579
다사570602
다사565593
다사574583
다사584582
다사573605
다사564608
다사567596
다사578588
다사570584
다사586601
다사595587
다사572583
다사567623
다사593589
다사594588
다사564625
다사565634
다사589596
다사576610
다사584575
다사580592
다사571586
다사567607
다사568623
다사576571
다사572595
다사580607
다사568585
다사571592
다사567587
다사573611
다사567598
다사585584
다사571600
다사583585
다사590576
다사576579
다사577579
다사584583
다사591596
다사582575
다사590596
다사582583
다사579573
다사562606
다사577598
다사579592
다사569607
다사589579
다사597587
다사573600
다사582591
다사572607
다사573575
다사570595
다사597585
다사571610
다사583580
다사581584
다사588576
다사583597
다사569579
다사562604
다사569618
다사586595
다사584600
다사589591
다사572601
다사569594
다사579588
다사573591
다사569609
다사580573
다사567603
다사577603
다사564630
다사567586
다사579570
다사562605
다사564607
다사591595
다사565598
다사595588
다사583603
다사591586
다사589595
다사578607
다사574598
다사578603
다사568596
다사581607
다사590572
다사560611
다사568579
다사578579
다사575584
다사582581
다사579608
다사585596
다사589570
다사563637
다사577599
다사581598
다사582586
다사572587
다사586586
다사582592
다사562640
다사567579
다사575588
다사570597
다사568622
다사568587
다사569601
다사595590
다사568594
다사590595
다사568584
다사572580
다사572589
다사571596
다사581602
다사587570
다사571608
다사577580
다사571595
다사572575
다사583579
다사564606
다사577587
다사573592
다사582585
다사578606
다사568600
다사587569
다사573603
다사575600
다사581576
다사575611
다사584587
다사577586
다사561605
다사589571
다사578571
다사583584
다사578598
다사593592
다사576586
다사587586
다사596586
다사571594
다사576578
다사577595
다사579603
다사572579
다사566604
다사568575
다사574605
다사569613
다사565625
다사578610
다사589573
다사566598
다사576603
다사574589
다사592590
다사570604
다사584573
다사568610
다사584576
다사584601
다사564635
다사587577
다사581571
다사570617
다사562609
다사575586
다사589594
다사567604
다사580581
다사576595
다사573586
다사570598
다사570594
다사567594
다사585594
다사583571
다사596589
다사576607
다사592588
다사580591
다사571581
다사590591
다사571591
다사567630
다사587582
다사583577
다사577589
다사573580
다사592591
다사565626
다사570609
다사566618
다사573583
다사573579
다사580579
다사575591
다사575601
다사577601
다사569619
다사574588
다사581586
다사568611
다사580576
다사588597
다사582578
다사575606
다사580601
다사575599
다사575581
다사587601
다사576592
다사571575
다사572584
다사570596
다사576577
다사570587
다사567599
다사599584
다사575604
다사564604
다사589586
다사573584
다사586594
다사571626
다사587584
다사579585
다사568625
다사569580
다사584571
다사590577
다사574573
다사578592
다사569603
다사574587
다사568619
다사573582
다사549618
다사578574
다사580598
다사586603
다사584598
다사570576
다사564609
다사583596
다사563598
다사560595
다사585581
다사576583
다사577604
다사573604
다사582600
다사572611
다사575603
다사577573
다사583578
다사586600
다사560605
다사574585
다사591573
다사580595
다사574586
다사582602
다사569584
다사580574
다사579586
다사581597
다사566600
다사582573
다사571582
다사593587
다사574592
다사582599
다사559638
다사585587
다사586598
다사585588
다사564603
다사588586
다사580597
다사571579
다사573576
다사575595
다사593574
다사588580
다사569614
다사586574
다사599582
다사585577
다사567605
다사575597
다사577609
다사576602
다사587594
다사571599
다사579583
다사566606
다사587602
다사581575
다사588599
다사578599
다사561612
다사566610
다사576589
다사583600
다사592593
다사575582
다사570593
다사585576
다사563638
다사593585
다사564605
다사586597
다사581580
다사572610
다사561622
다사568606
다사576580
다사565607
다사599587
다사591577
다사587598
다사566621
다사586570
다사570606
다사586582
다사576600
다사581583
다사587583
다사571583
다사586577
다사592595
다사568617
다사580605
다사590575
다사584596
다사591572
다사576604
다사576581
다사579607
다사566578
다사581603
다사577584
다사580603
다사575590
다사586593
다사587574
다사591574
다사587587
다사580575
다사588574
다사576576
다사594587
다사572585
다사582579
다사586580
다사577576
다사575575
다사590594
다사569608
다사576584
다사583575
다사574597
다사596585
다사582603
다사589592
다사601583
다사574609
다사585599
다사575610
다사581591
다사583581
다사567608
다사566634
다사570625
다사576611
다사574599
다사579606
다사579599
다사572596
다사588600
다사566603
다사574596
다사592586
다사586588
다사574595
다사576601
다사570592
다사589588
다사584588
다사577582
다사571611
다사578573
다사559603
다사577571
다사581601
다사577592
다사588582
다사566608
다사592576
다사592587
다사578591
다사576597
다사584572
다사562636
다사574604
다사579609
다사563639
다사584580
다사592596
다사565637
다사586573
다사589576
다사564638
다사591587
다사567606
다사575605
다사590587
다사587600
다사581604
다사572602
다사567610
다사577588
다사580570
다사578576
다사571576
다사578584
다사570585
다사582605
다사557601
다사583587
다사570612
다사580593
다사588595
다사578581
다사570591
다사571587
다사591588
다사569578
다사573581
다사575574
다사581594
다사579578
다사581608
다사576587
다사582571
다사575607
다사574584
다사579587
다사581585
다사586581
다사574602
다사568598
다사577577
다사580577
다사585589
다사573596
다사563605
다사570605
다사586599
다사581596
다사567588
다사582587
다사569628
다사569611
다사571603
다사582580
다사584602
다사566607
다사569627
다사584585
다사577596
다사566599
다사573593
다사565603
다사579596
다사598586
다사581572
다사567618
다사588572
다사598584
다사596588
다사600584
다사578605
다사579597
다사584603
다사568629
다사587575
다사591583
다사574608
다사575573
다사577611
다사579595
다사574611
다사568626
다사573607
다사569620
다사588573
다사579594
다사566601
다사571585
다사586569
다사589587
다사571604
다사571623
다사569600
다사589593
다사572609
다사579572
다사588577
다사570586
다사583605
다사588594
다사570608
다사592584
다사571590
다사574580
다사578604
다사575572
다사579584
다사585579
다사594590
다사593590
다사574603
다사585582
다사579577
다사568588
다사562607
다사584604
다사566622
다사569589
다사587573
다사586578
다사572592
다사582598
다사566613
다사589574
다사567589
다사581581
다사578575
다사582594
다사567621
다사580585
다사581573
다사565605
다사563606
다사567625
다사557618
다사585583
다사573599
다사567601
다사577583
다사565629
다사571625
다사579581
다사583576
다사572588
다사562635
다사568599
다사570613
다사587596
다사578585
다사591571
다사577606
다사579600
다사588578
다사569576
다사590573
다사591576
다사572591
다사566626
다사568618
다사586589
다사585604
다사595586
다사569592
다사567584
다사589599
다사567597
다사576609
다사564637
다사590593
다사569585
다사571597
다사569604
다사591575
다사586579
다사578597
다사570621
다사568612
다사599581
다사586596
다사565608
다사584581
다사576575
다사563609
다사585597
다사577572
다사576594
다사569626
다사586572
다사565600
다사567611
다사586583
다사580596
다사583573
다사587580
다사579574
다사598587
다사575594
다사569624
다사587571
다사572603
다사582572
다사561621
다사569599
다사577602
다사569605
다사575598
다사560604
다사566616
다사584605
다사578602
다사568593
다사579571
다사589577
다사573578
다사571580
다사563608
다사586568
다사572606
다사582606
다사578570
다사596587
다사572594
다사585571
다사576590
다사567578
다사586575
다사574610
다사587599
다사568609
다사581577
다사580589
다사578580
다사556617
다사559643
다사560646
다사560650
다사562632
다사562603
다사583592
다사559617
다사595585
다사558603
다사559593
다사590584
다사572573
다사584593
다사566648
다사565584
다사551600
다사562612
다사541620
다사552600
다사569630
다사563640
다사552620
다사592582
다사560623
다사565616
다사560643
다사563622
다사564587
다사597583
다사565651
다사555625
다사569642
다사563591
다사594581
다사562584
다사583589
다사549613
다사547618
다사562610
다사566643
다사561623
다사568583
다사575635
다사562646
다사570637
다사565586
다사566582
다사585567
다사556628
다사582589
다사585572
다사555595
다사565601
다사563623
다사546611
다사560628
다사567575
다사558606
다사567624
다사566642
다사553639
다사551615
다사564591
다사556601
다사546621
다사563614
다사553618
다사591579
다사562622
다사560645
다사563600
다사555609
다사552599
다사571632
다사551629
다사566646
다사572627
다사575634
다사564614
다사566580
다사555631
다사563587
다사564624
다사548614
다사565622
다사548616
다사554616
다사566638
다사556638
다사550624
다사562598
다사556611
다사559633
다사570642
다사549606
다사561646
다사562611
다사554591
다사570615
다사554601
다사559588
다사554612
다사557604
다사563630
다사583590
다사598581
다사547599
다사595591
다사562628
다사545612
다사554617
다사547612
다사541619
다사548627
다사554602
다사553611
다사566635
다사556599
다사557644
다사563613
다사557637
다사564584
다사573633
다사561641
다사544611
다사550629
다사556615
다사566636
다사554614
다사560602
다사554620
다사559597
다사557595
다사597580
다사553607
다사553615
다사584591
다사556604
다사565642
다사549629
다사565614
다사557610
다사553629
다사556618
다사568634
다사602583
다사551624
다사567593
다사547607
다사556648
다사565650
다사557591
다사573631
다사548624
다사560631
다사571628
다사549624
다사566631
다사552625
다사554619
다사559640
다사565591
다사552646
다사557613
다사573636
다사556589
다사566612
다사594583
다사548625
다사564623
다사557639
다사593584
다사560642
다사556636
다사561591
다사556587
다사559641
다사562645
다사564648
다사569583
다사558604
다사558610
다사546623
다사553625
다사554600
다사547619
다사547620
다사564618
다사558598
다사564621
다사556610
다사565583
다사556622
다사597578
다사587591
다사591589
다사559628
다사555589
다사553645
다사566595
다사563592
다사555648
다사557596
다사558613
다사588589
다사548618
다사563590
다사592579
다사562643
다사552605
다사587589
다사564612
다사551605
다사545605
다사550623
다사561584
다사564632
다사556597
다사589582
다사561648
다사564644
다사567614
다사574633
다사554640
다사550628
다사561613
다사553643
다사596591
다사567641
다사557605
다사553621
다사561587
다사551599
다사558595
다사556649
다사561635
다사566590
다사543620
다사594580
다사553626
다사560615
다사567647
다사549599
다사593575
다사597589
다사558586
다사585568
다사558645
다사548609
다사545619
다사554635
다사566645
다사560629
다사562630
다사596579
다사553628
다사553641
다사544613
다사559609
다사560625
다사558594
다사555621
다사557620
다사587604
다사584592
다사564646
다사595577
다사594574
다사559606
다사555636
다사550607
다사550608
다사560619
다사567617
다사590578
다사557589
다사565582
다사600583
다사562621
다사551597
다사561643
다사541617
다사560608
다사583572
다사572637
다사559615
다사563634
다사552618
다사560613
다사553638
다사555626
다사557642
다사566627
다사566585
다사560626
다사556616
다사565589
다사552606
다사556595
다사560612
다사587590
다사546620
다사559591
다사566593
다사562589
다사552608
다사560600
다사565588
다사551606
다사564592
다사548621
다사553612
다사553595
다사558639
다사568635
다사572576
다사560614
다사549604
다사596580
다사571630
다사552622
다사569616
다사555627
다사546597
다사556621
다사593580
다사556590
다사581570
다사555644
다사557640
다사550622
다사557647
다사567619
다사588584
다사552615
다사564594
다사549616
다사544618
다사560636
다사566620
다사556594
다사554590
다사553627
다사586590
다사554646
다사583607
다사557614
다사557635
다사572634
다사558608
다사558627
다사599588
다사554639
다사568641
다사560598
다사550618
다사590589
다사563616
다사559620
다사561599
다사571574
다사557631
다사558637
다사558588
다사561600
다사546622
다사545607
다사569595
다사584590
다사568591
다사562624
다사551598
다사559611
다사563631
다사546603
다사562633
다사545609
다사552645
다사590581
다사552630
다사569645
다사554626
다사547625
다사544615
다사551594
다사551612
다사545618
다사561624
다사569641
다사562591
다사550598
다사561636
다사555604
다사588591
다사552614
다사554623
다사558640
다사574636
다사554643
다사553601
다사554599
다사559626
다사551616
다사563596
다사567637
다사585592
다사564631
다사547616
다사553604
다사568639
다사553605
다사566649
다사564600
다사548628
다사554633
다사570639
다사553597
다사551625
다사548602
다사546612
다사547613
다사594579
다사596581
다사546616
다사562585
다사550601
다사557626
다사559596
다사560637
다사586591
다사559623
다사561595
다사572625
다사579610
다사547609
다사553624
다사567638
다사560606
다사566586
다사564629
다사563621
다사554629
다사549596
다사559587
다사559629
다사554597
다사594578
다사552603
다사596590
다사556644
다사573634
다사543617
다사565581
다사568645
다사550610
다사555630
다사567636
다사563632
다사559625
다사561649
다사598578
다사560589
다사556645
다사561607
다사546606
다사562616
다사555618
다사566624
다사558617
다사601586
다사561608
다사569637
다사552627
다사581609
다사556643
다사556630
다사564641
다사544607
다사594575
다사568636
다사578569
다사561603
다사550595
다사564620
다사557587
다사562618
다사552602
다사595575
다사545603
다사557597
다사548611
다사558597
다사583588
다사556629
다사553614
다사557611
다사555616
다사545615
다사590579
다사547614
다사561627
다사569638
다사570627
다사571633
다사565613
다사552623
다사559610
다사550594
다사589580
다사565645
다사555632
다사559635
다사550599
다사559595
다사559618
다사573638
다사568595
다사558607
다사561629
다사549621
다사597582
다사563633
다사567583
다사568640
다사592578
다사600582
다사560647
다사556647
다사594584
다사554610
다사561632
다사595579
다사561642
다사555613
다사565587
다사591598
다사562615
다사560620
다사564602
다사559634
다사565590
다사554632
다사563612
다사566632
다사562600
다사555593
다사552644
다사559647
다사549608
다사598582
다사553613
다사601582
다사544612
다사590582
다사562590
다사562634
다사594585
다사567634
다사595578
다사558632
다사558618
다사566592
다사554594
다사555602
다사557648
다사568644
다사596577
다사572612
다사602584
다사555641
다사554608
다사567639
다사573626
다사543613
다사554625
다사563617
다사557636
다사560641
다사593579
다사550597
다사588590
다사568638
다사561615
다사549602
다사558629
다사560592
다사558638
다사551611
다사561633
다사545621
다사554641
다사582588
다사558631
다사559599
다사591591
다사564645
다사565648
다사559614
다사562629
다사561650
다사582590
다사557615
다사554644
다사559619
다사549610
다사545614
다사544610
다사565594
다사564585
다사563610
다사562617
다사571636
다사567592
다사557629
다사563583
다사558625
다사560599
다사560593
다사572635
다사547600
다사546598
다사553640
다사543618
다사555646
다사558623
다사554618
다사563597
다사571638
다사557646
다사562583
다사547601
다사563607
다사557616
다사554636
다사556591
다사562647
다사552609
다사557607
다사597584
다사546602
다사554628
다사563585
다사565631
다사557634
다사553608
다사562639
다사591582
다사580610
다사560597
다사563645
다사563642
다사555591
다사545616
다사557612
다사547617
다사558646
다사564615
다사597579
다사545597
다사554613
다사552598
다사551623
다사558615
다사571635
다사569591
다사556620
다사546607
다사571634
다사555608
다사543615
다사559602
다사554598
다사544604
다사573625
다사553630
다사572628
다사563602
다사561617
다사559601
다사572640
다사566630
다사571629
다사555603
다사551627
다사562648
다사548598
다사547622
다사545598
다사552611
다사567635
다사566619
다사570629
다사561647
다사558628
다사552621
다사559648
다사556602
다사561606
다사555610
다사545600
다사550617
다사564633
다사546619
다사562592
다사561618
다사563594
다사567591
다사566639
다사586592
다사550620
다사562650
다사552616
다사565632
다사556627
다사555594
다사546609
다사566614
다사548613
다사553644
다사545610
다사554627
다사564590
다사565621
다사585590
다사559616
다사558590
다사562637
다사561609
다사556626
다사547610
다사556619
다사566640
다사551619
다사566623
다사553609
다사557599
다사563646
다사551620
다사558622
다사562638
다사571631
다사549605
다사572639
다사592585
다사598588
다사559592
다사588588
다사598589
다사562626
다사549614
다사556623
다사555614
다사592597
다사565649
다사551602
다사571642
다사561628
다사588602
다사561637
다사558602
다사565630
다사555596
다사556624
다사554647
다사563601
다사561620
다사544614
다사549617
다사571640
다사553600
다사593581
다사551621
다사570634
다사593594
다사548604
다사549598
다사557623
다사556593
다사570638
다사564642
다사554603
다사554595
다사559624
다사567576
다사554624
다사563644
다사549594
다사565578
다사559598
다사563648
다사549620
다사541618
다사553619
다사554606
다사547604
다사559637
다사568643
다사559649
다사548599
다사573635
다사549619
다사556635
다사546596
다사565646
다사554593
다사564583
다사554605
다사560640
다사563650
다사542615
다사559605
다사552607
다사582607
다사553596
다사558612
다사552593
다사569582
다사547603
다사549623
다사569634
다사589569
다사565628
다사581588
다사557650
다사558587
다사564616
다사555638
다사551596
다사556631
다사553616
다사560587
다사550616
다사549611
다사562595
다사566637
다사568592
다사557600
다사553634
다사592577
다사553620
다사570574
다사597590
다사555640
다사566615
다사548619
다사544603
다사573639
다사554611
다사571573
다사571639
다사543619
다사545622
다사555599
다사567590
다사552594
다사574634
다사557606
다사558616
다사565612
다사596578
다사562644
다사547624
다사551603
다사559590
다사597577
다사557641
다사549622
다사547623
다사544617
다사547626
다사552592
다사550613
다사598579
다사547605
다사553598
다사566617
다사602585
다사562642
다사550615
다사563649
다사554631
다사559632
다사550602
다사550612
다사566629
다사560617
다사549628
다사554634
다사569636
다사557624
다사594582
다사560638
다사561634
다사545604
다사547621
다사553602
다사571621
다사592580
다사549600
다사572638
다사551614
다사567628
다사558596
다사558634
다사546599
다사555623
다사546614
다사556603
다사556596
다사558635
다사589590
다사596576
다사552597
다사563620
다사550603
다사555619
다사550614
다사555597
다사547606
다사553599
다사547615
다사569633
다사545608
다사592581
다사593578
다사544621
다사588568
다사548610
다사555639
다사564650
다사565647
다사548617
다사595580
다사550609
다사558649
다사574632
다사551613
다사560594
다사563647
다사549615
다사566644
다사550619
다사545599
다사560627
다사552642
다사555615
다사562620
다사558648
다사572626
다사570631
다사553606
다사562614
다사560618
다사555590
다사549603
다사555634
다사555624
다사558626
다사581589
다사563643
다사581590
다사564597
다사551604
다사558601
다사568637
다사552596
다사569635
다사558643
다사543616
다사561586
다사561598
다사564588
다사558636
다사591590
다사551622
다사565619
다사565611
다사558605
다사552619
다사548615
다사559613
다사563626
다사564601
다사558647
다사573632
다사551593
다사562601
다사557621
다사556632
다사562586
다사570643
다사560607
다사566588
다사550604
다사547611
다사552629
다사563627
다사593582
다사557638
다사564586
다사549601
다사552601
다사563651
다사577570
다사554642
다사573573
다사558611
다사561619
다사559608
다사569643
다사555606
다사544619
다사557586
다사551610
다사560649
다사563636
다사561638
다사553633
다사555628
다사552628
다사556605
다사585591
다사553593
다사555637
다사563628
다사565615
다사570628
다사564622
다사560616
다사556634
다사550600
다사589600
다사562641
다사594576
다사557628
다사561630
다사561640
다사558591
다사594577
다사566611
다사591581
다사557649
다사554638
다사564639
다사555647
다사572630
다사592571
다사562596
다사554622
다사556588
다사544606
다사556625
다사564611
다사546601
다사552604
다사590580
다사593583
다사546615
다사561610
다사567648
다사590590
다사557627
다사594589
다사542620
다사559612
다사567595
다사552626
다사549626
다사554607
다사561601
다사553637
다사590585
다사548620
다사551595
다사564627
다사595584
다사595581
다사559639
다사548607
다사549607
다사565633
다사552612
다사562597
다사591578
다사558633
다사548612
다사600587
다사565623
다사553622
다사570633
다사551628
다사554645
다사571627
다사555592
다사556613
다사566650
다사564595
다사566651
다사556641
다사562627
다사572632
다사561588
다사549625
다사548600
다사543614
다사559607
다사549612
다사565639
다사558592
다사584589
다사542617
다사558589
다사560634
다사589583
다사565580
다사564617
다사554630
다사565595
다사570644
다사560632
다사567640
다사553623
다사556592
다사554604
다사561645
다사559631
다사590583
다사548605
다사565596
다사542619
다사559585
다사555617
다사550605
다사564613
다사567644
다사544605
다사562613
다사558641
다사566577
다사570636
다사561625
다사567646
다사552617
다사560644
다사569644
다사549609
다사558621
다사563635
다사562587
다사556614
다사566641
다사555598
다사563593
다사562625
다사594592
다사549593
다사553631
다사560591
다사593576
다사561594
다사572633
다사557602
다사548623
다사555620
다사587592
다사563618
다사551608
다사550627
다사562631
다사553591
다사553632
다사550626
다사556612
다사547602
다사565640
다사572629
다사559650
다사562619
다사587588
다사562649
다사592594
다사567642
다사567612
다사553594
다사563615
다사542616
다사563641
다사546610
다사558642
다사564628
다사568628
다사553610
다사549597
다사560624
다사564643
다사542614
다사571637
다사561631
다사557590
다사558619
다사548601
다사542618
다사560601
다사591570
다사566591
다사555612
다사548595
다사553646
다사563595
다사570632
다사551601
다사565620
다사578611
다사558593
다사563625
다사544620
다사557643
다사548608
다사595592
다사561626
다사547597
다사550596
다사585593
다사546600
다사563589
다사546618
다사561611
다사566581
다사560588
다사570616
다사570614
다사570641
다사568590
다사546605
다사556600
다사566583
다사550606
다사565627
다사555607
다사561644
다사548596
다사574572
다사557617
다사552624
다사569632
다사557632
다사545606
다사564651
다사574637
다사567645
다사573637
다사574635
다사565592
다사551607
다사565585
다사561593
다사587593
다사555629
다사568589
다사557593
다사570635
다사561596
다사558644
다사557645
다사565579
다사567582
다사560648
다사583593
다사546617
다사564596
다사560633
다사554621
다사555643
다사555611
다사561604
다사560639
다사563629
다사554592
다사557588
다사548606
다사593577
다사557594
다사559600
다사566628
다사568582
다사562593
다사546613
다사583591
다사541616
다사548622
다사555600
다사561589
다사565610
다사575633
다사589589
다사561614
다사565644
다사560596
다사558614
다사558624
다사551618
다사557598
다사554637
다사584570
다사595583
다사552610
다사545617
다사585573
다사556637
다사556606
다사553636
다사557622
다사586567
다사555601
다사561616
다사571641
다사566587
다사595576
다사548594
다사569640
다사562602
다사553635
다사599580
다사550621
다사556639
다사557633
다사566647
다사571622
다사555633
다사553592
다사566594
다사595589
다사550611
다사563624
다사548626
다사558599
다사555642
다사565643
다사551609
다사565638
다사573627
다사548603
다사551617
다사564647
다사547596
다사557609
다사557625
다사564589
다사584606
다사560622
다사555635
다사589581
다사597581
다사550593
다사550625
다사560603
다사558650
다사564634
다사560630
다사560610
다사557592
다사559622
다사552595
다사559630
다사549627
다사552613
다사572636
다사562651
다사559627
다사567620
다사556607
다사563584
다사548597
다사566584
다사556598
다사563611
다사569639
다사591580
다사570630
다사555622
다사559621
다사556646
다사560586
다사562588
다사554609
다사556608
다사556642
다사568642
다사560590
다사569615
다사551626
다사561590
다사558630
다사559586
다사564649
다사545611
다사544597
다사547598
다사565641
다사560635
다사563586
다사589584
다사562594
다사564619
다사562599
다사556633
다사564593
다사566589
다사595582
다사546608
다사567585
다사545613
다사569574
다사559644
다사557608
다사560609
다사559594
다사558600
다사566602
다사596584
다사558620
다사561585
다사563588
다사563619
다사559646
다사553617
다사560621
다사584584
다사570640
다사565597
다사565618
다사567643
다사545620
다사554596
다사560585
다사556609
다사562623
다사553603
다사568633
다사561597
다사554615
다사561602
다사559645
다사556640
다사572574
다사546604
다사572631
다사596582
다사547608
다사555645
다사559642
다사596583
다사601585
다사544616
다사561592
다사549595
다사553642
다사590598
다사682503
다사708496
다사710501
다사677501
다사689486
다사667479
다사696515
다사682493
다사671505
다사676474
다사711520
다사672504
다사704514
다사697488
다사718508
다사685481
다사668487
다사666476
다사675498
다사665492
다사665496
다사694506
다사690513
다사665477
다사701497
다사671492
다사674497
다사686491
다사675503
다사671491
다사715519
다사695513
다사667500
다사688482
다사672502
다사695506
다사669501
다사706498
다사687488
다사675486
다사709511
다사718505
다사706510
다사682506
다사688510
다사684482
다사682483
다사692512
다사677508
다사675482
다사680501
다사673488
다사702497
다사682505
다사670497
다사677512
다사678491
다사691498
다사681490
다사678504
다사689494
다사670509
다사680478
다사677481
다사675473
다사716521
다사674484
다사709526
다사706499
다사682494
다사669500
다사670504
다사667489
다사685493
다사682510
다사672505
다사680500
다사688485
다사686505
다사707506
다사670476
다사709513
다사684484
다사678512
다사683482
다사695514
다사680489
다사672480
다사679477
다사675483
다사675494
다사717511
다사706495
다사668503
다사664477
다사670508
다사690480
다사686486
다사686502
다사678496
다사672497
다사679508
다사711525
다사675501
다사700514
다사688500
다사678497
다사714514
다사679488
다사709501
다사716519
다사707514
다사689484
다사675481
다사685507
다사677507
다사711504
다사683490
다사679493
다사692513
다사688502
다사671497
다사708514
다사677484
다사709523
다사692502
다사694500
다사689489
다사671481
다사713523
다사682485
다사679496
다사683489
다사684483
다사679478
다사706513
다사673493
다사683493
다사674498
다사669505
다사683481
다사668504
다사689513
다사711524
다사669496
다사705510
다사677505
다사667491
다사684480
다사685476
다사717512
다사665489
다사673505
다사667499
다사690511
다사696508
다사705495
다사696511
다사666494
다사688489
다사674488
다사715515
다사715510
다사673491
다사719501
다사678494
다사678502
다사709502
다사709500
다사689505
다사670486
다사679501
다사686490
다사674493
다사698495
다사692498
다사674482
다사681498
다사709531
다사692497
다사678506
다사694513
다사690486
다사709505
다사673482
다사680497
다사685505
다사685475
다사668500
다사711527
다사676504
다사689493
다사703512
다사718502
다사704507
다사672482
다사679483
다사693514
다사696497
다사689506
다사719497
다사694514
다사710521
다사691515
다사698497
다사704503
다사713505
다사702509
다사683484
다사708509
다사704529
다사671501
다사672507
다사687497
다사685484
다사679489
다사686472
다사687477
다사668475
다사674486
다사718504
다사670496
다사683486
다사678495
다사690498
다사703498
다사668502
다사676491
다사686499
다사680504
다사676477
다사669499
다사689512
다사668494
다사674502
다사690516
다사687500
다사705530
다사678501
다사685477
다사669479
다사681499
다사678483
다사675487
다사685492
다사677475
다사675488
다사671487
다사674503
다사681493
다사716518
다사714516
다사679495
다사677494
다사677511
다사706509
다사673498
다사702515
다사687487
다사676503
다사667498
다사674499
다사678487
다사669477
다사672490
다사689492
다사686495
다사677489
다사678498
다사670498
다사685501
다사711499
다사704513
다사678490
다사666481
다사675478
다사685510
다사674496
다사672474
다사681496
다사682508
다사670487
다사713521
다사684497
다사686479
다사706502
다사672481
다사678499
다사669487
다사677478
다사671509
다사671482
다사706497
다사684478
다사713518
다사710514
다사704510
다사677504
다사671480
다사676508
다사696510
다사694503
다사709508
다사673510
다사683509
다사683497
다사674495
다사679497
다사683504
다사672506
다사677495
다사718513
다사666482
다사687490
다사684501
다사716514
다사668483
다사671473
다사710511
다사706503
다사676497
다사679500
다사686487
다사683503
다사679479
다사679492
다사702496
다사674508
다사705502
다사675504
다사673479
다사667497
다사680507
다사691486
다사680493
다사686474
다사666477
다사695511
다사684508
다사683507
다사709509
다사673471
다사669475
다사694511
다사695507
다사667488
다사718512
다사685495
다사713506
다사693509
다사710500
다사693508
다사703510
다사693499
다사714503
다사688475
다사688492
다사674506
다사683499
다사692503
다사687506
다사711529
다사711513
다사684476
다사676475
다사718511
다사709510
다사712525
다사672499
다사715514
다사705513
다사690512
다사671508
다사677477
다사673504
다사669474
다사689488
다사684506
다사665490
다사681500
다사711503
다사666484
다사683485
다사668476
다사709497
다사707531
다사669480
다사677488
다사671495
다사710509
다사695497
다사716509
다사672479
다사672491
다사675470
다사691511
다사680486
다사705501
다사705514
다사685485
다사706531
다사676482
다사673481
다사679494
다사670503
다사669488
다사676472
다사688494
다사712503
다사673477
다사680485
다사675485
다사685483
다사677483
다사713502
다사678503
다사702507
다사695512
다사684491
다사710526
다사678493
다사681479
다사681481
다사666485
다사677502
다사677517
다사667494
다사692514
다사681506
다사703513
다사667475
다사677490
다사682500
다사701509
다사698509
다사684507
다사677516
다사713525
다사672478
다사707510
다사688486
다사705504
다사699502
다사676501
다사673484
다사694499
다사700496
다사669502
다사696498
다사702514
다사712513
다사685488
다사679507
다사705507
다사674472
다사666475
다사677496
다사708501
다사694517
다사681511
다사683483
다사670478
다사701514
다사683477
다사714513
다사679482
다사672503
다사689518
다사676483
다사672483
다사690515
다사681487
다사712517
다사705529
다사666478
다사710502
다사694505
다사686504
다사700503
다사672476
다사670485
다사669503
다사704528
다사669498
다사685506
다사686493
다사713520
다사676478
다사676485
다사701526
다사674507
다사680494
다사668486
다사712518
다사673497
다사673501
다사694498
다사670501
다사694504
다사673485
다사679511
다사707501
다사676476
다사695503
다사706500
다사705509
다사699496
다사699515
다사673500
다사673480
다사673495
다사671475
다사679503
다사671490
다사715497
다사708507
다사672511
다사686492
다사680496
다사670475
다사672492
다사675500
다사679515
다사670491
다사718501
다사717505
다사679512
다사689483
다사689510
다사674501
다사669493
다사675479
다사681505
다사714518
다사682497
다사670500
다사667487
다사713519
다사674505
다사686482
다사675489
다사666496
다사706504
다사706506
다사703507
다사688487
다사708524
다사670483
다사674504
다사682502
다사717502
다사693504
다사702510
다사675491
다사668477
다사681494
다사674510
다사701498
다사705503
다사667493
다사673503
다사711498
다사698513
다사687484
다사680477
다사686506
다사681501
다사688518
다사679481
다사689499
다사680491
다사677515
다사684485
다사676514
다사685490
다사696512
다사671507
다사668479
다사711526
다사682484
다사687474
다사703502
다사687512
다사689511
다사709512
다사683466
다사677485
다사687494
다사688497
다사668498
다사678478
다사716510
다사695501
다사677487
다사669504
다사688488
다사666495
다사695504
다사672510
다사666491
다사696513
다사676516
다사676502
다사665491
다사679504
다사707496
다사689495
다사672487
다사693511
다사714504
다사675505
다사711518
다사673487
다사690488
다사666479
다사692500
다사682501
다사696504
다사666497
다사710519
다사683508
다사680492
다사686510
다사680481
다사714517
다사674478
다사676506
다사664476
다사688499
다사695505
다사679480
다사676481
다사677479
다사707500
다사707505
다사677482
다사684493
다사714519
다사682487
다사670479
다사665480
다사686484
다사687501
다사699508
다사666490
다사678477
다사683492
다사684479
다사663491
다사678492
다사680484
다사676473
다사677474
다사665478
다사672477
다사679491
다사713501
다사704509
다사671499
다사665483
다사710525
다사695499
다사689475
다사677499
다사698498
다사692501
다사685498
다사695500
다사687482
다사673506
다사684488
다사705505
다사693513
다사708510
다사664490
다사686498
다사678484
다사684496
다사674473
다사694510
다사684481
다사685496
다사687499
다사679486
다사689481
다사674471
다사681489
다사688483
다사683480
다사670507
다사704504
다사716513
다사691497
다사668490
다사712506
다사676479
다사685478
다사681484
다사713503
다사679509
다사685504
다사708495
다사672509
다사709514
다사685489
다사704497
다사674500
다사678476
다사687509
다사680502
다사709498
다사681509
다사710531
다사675477
다사671484
다사674492
다사712520
다사688506
다사695498
다사671474
다사675495
다사677493
다사700502
다사713497
다사684492
다사676471
다사693506
다사668489
다사671506
다사684489
다사679487
다사672486
다사694501
다사670482
다사697497
다사667485
다사668497
다사711508
다사706505
다사677492
다사689497
다사681491
다사686501
다사667477
다사682481
다사690505
다사708523
다사690510
다사717516
다사691510
다사684495
다사695495
다사686509
다사670480
다사677476
다사679498
다사716512
다사707530
다사703503
다사678500
다사674474
다사701511
다사670473
다사688471
다사671502
다사685500
다사688493
다사713516
다사707509
다사682507
다사670505
다사677506
다사716517
다사673489
다사673499
다사673473
다사703515
다사682495
다사673492
다사671503
다사675476
다사714501
다사682499
다사671500
다사675480
다사668496
다사709499
다사682488
다사679505
다사691513
다사675493
다사674490
다사716511
다사699498
다사670488
다사709506
다사687493
다사677480
다사710499
다사680505
다사715518
다사671483
다사691488
다사717513
다사680506
다사676507
다사680482
다사668501
다사672501
다사694512
다사683478
다사674489
다사669483
다사673494
다사688477
다사704511
다사686511
다사676496
다사664494
다사705528
다사684503
다사676494
다사693512
다사704502
다사688496
다사669476
다사702501
다사686481
다사671486
다사689485
다사672495
다사684499
다사670492
다사710510
다사700509
다사674475
다사672496
다사668493
다사686488
다사664493
다사668474
다사674487
다사685479
다사705499
다사691514
다사669484
다사672485
다사670481
다사691518
다사701502
다사665494
다사683496
다사693500
다사691503
다사685509
다사673483
다사688514
다사714523
다사708497
다사680490
다사690487
다사685502
다사687496
다사675490
다사677503
다사685494
다사689503
다사677491
다사686496
다사673475
다사693498
다사669494
다사676515
다사708513
다사675499
다사706514
다사715513
다사678488
다사685508
다사671510
다사716516
다사682509
다사671494
다사680512
다사707507
다사688484
다사687485
다사710496
다사703506
다사712504
다사668499
다사687498
다사687505
다사682498
다사672493
다사680499
다사689487
다사684504
다사688505
다사699509
다사682492
다사708512
다사703497
다사676489
다사712519
다사668491
다사666499
다사687491
다사680479
다사711510
다사667483
다사669481
다사674477
다사707508
다사706530
다사664478
다사676495
다사687511
다사681477
다사683491
다사682496
다사670484
다사665481
다사680480
다사700515
다사692488
다사687495
다사676484
다사664492
다사666498
다사710512
다사672494
다사682480
다사670494
다사667482
다사679510
다사685465
다사667490
다사701513
다사676500
다사684487
다사703496
다사705508
다사687510
다사683494
다사670474
다사711505
다사708506
다사684477
다사689500
다사666483
다사717514
다사673496
다사706501
다사714509
다사683501
다사666489
다사700513
다사682478
다사708505
다사690481
다사710520
다사683495
다사685486
다사711511
다사687486
다사683488
다사669485
다사682486
다사690484
다사666480
다사708511
다사681503
다사668481
다사685499
다사689477
다사681480
다사675502
다사681504
다사686480
다사699511
다사694494
다사701515
다사682489
다사678505
다사670490
다사687489
다사670495
다사669492
다사694502
다사690502
다사714521
다사688491
다사685503
다사667501
다사707523
다사713514
다사689482
다사695502
다사674480
다사691499
다사700508
다사670493
다사679502
다사666493
다사676486
다사684505
다사681492
다사687508
다사683502
다사675472
다사695510
다사680498
다사670499
다사690509
다사693505
다사680511
다사680508
다사685471
다사677486
다사686497
다사689504
다사668480
다사667502
다사678507
다사689498
다사715511
다사679490
다사674494
다사711517
다사706496
다사667495
다사695496
다사679506
다사677498
다사669482
다사675484
다사673478
다사708508
다사711523
다사701508
다사690485
다사673490
다사689502
다사670477
다사714502
다사690497
다사690483
다사692504
다사684500
다사679499
다사681507
다사678479
다사681502
다사675506
다사671496
다사670506
다사673476
다사668505
다사716520
다사680503
다사692508
다사678486
다사683500
다사674479
다사685472
다사700526
다사686489
다사668485
다사671478
다사673486
다사680488
다사673472
다사707511
다사674476
다사686500
다사690500
다사667484
다사688473
다사674483
다사703511
다사676498
다사689509
다사670502
다사688509
다사677510
다사678489
다사676490
다사707499
다사681478
다사676488
다사691512
다사689496
다사669486
다사688507
다사688501
다사677513
다사694497
다사713522
다사693501
다사674491
다사695515
다사675515
다사678510
다사697498
다사676517
다사714522
다사693502
다사678480
다사670489
다사676487
다사671477
다사693487
다사692505
다사669508
다사671489
다사677497
다사684494
다사675474
다사708498
다사678485
다사684498
다사686477
다사673502
다사667480
다사672500
다사715520
다사675471
다사713517
다사687502
다사667492
다사687476
다사672498
다사684510
다사681486
다사667496
다사706507
다사709520
다사689491
다사688512
다사690499
다사688490
다사682504
다사692506
다사684502
다사691509
다사688481
다사698505
다사681488
다사680495
다사702511
다사677500
다사686475
다사682479
다사701501
다사684486
다사682482
다사690506
다사689490
다사714525
다사676505
다사707524
다사672473
다사680487
다사678511
다사712502
다사669507
다사671498
다사672488
다사698524
다사703509
다사713504
다사676499
다사667486
다사711512
다사671479
다사692499
다사668495
다사671488
다사692509
다사717509
다사672484
다사692511
다사699497
다사679485
다사688511
다사696514
다사712505
다사671504
다사686483
다사685487
다사687504
다사669490
다사673507
다사713524
다사668492
다사674485
다사674481
다사675496
다사679484
다사672489
다사669489
다사686478
다사702513
다사669473
다사685497
다사685491
다사712521
다사676493
다사685482
다사686503
다사665482
다사671493
다사675497
다사688498
다사683498
다사709507
다사665479
다사705506
다사687492
다사679513
다사711507
다사690504
다사686494
다사681495
다사699514
다사666492
다사704512
다사687483
다사678482
다사703504
다사682491
다사702512
다사714520
다사701496
다사678481
다사686485
다사702508
다사714515
다사680509
다사710498
다사707497
다사684490
다사715521
다사709524
다사668484
다사665476
다사706508
다사667481
다사717503
다사705500
다사668482
다사665493
다사675492
다사676480
다사676492
다사700497
다사684509
다사704501
다사673474
다사710513
다사699501
다사703514
다사687475
다사692490
다사681485
다사717515
다사692489
다사667476
다사711500
다사683479
다사683487
다사675475
다사686476
다사715525
다사681482
다사701512
다사664491
다사682490
다사691485
다사710508
다사672508
다사689501
다사697496
다사697513
다사698496
다사671476
다사669497
다사681508
다사672475
다사688495
다사688474
다사671485
다사674520
다사690503
다사674516
다사679514
다사691484
다사700492
다사711515
다사691491
다사718497
다사655495
다사677518
다사681513
다사717508
다사694492
다사691479
다사659504
다사690501
다사703523
다사715523
다사661500
다사655493
다사691517
다사709521
다사718514
다사699503
다사718509
다사699491
다사698512
다사673520
다사661509
다사716502
다사682467
다사677520
다사688478
다사662493
다사673519
다사684471
다사656494
다사682516
다사661505
다사667511
다사685513
다사662511
다사674519
다사712501
다사658493
다사660497
다사672512
다사666487
다사716497
다사697500
다사674515
다사661507
다사660495
다사699510
다사696525
다사710516
다사686508
다사686469
다사709519
다사663513
다사682514
다사691502
다사690474
다사709496
다사707503
다사690519
다사670510
다사671515
다사683511
다사715517
다사698523
다사659498
다사698504
다사693484
다사700505
다사714507
다사694509
다사662495
다사665499
다사669517
다사663512
다사717500
다사699500
다사664502
다사713498
다사681475
다사703518
다사712510
다사691520
다사679467
다사664503
다사674517
다사686473
다사691476
다사690495
다사662501
다사700498
다사688504
다사683505
다사680474
다사659495
다사696496
다사678469
다사708516
다사717506
다사693495
다사692494
다사701525
다사710523
다사684473
다사678514
다사714497
다사680514
다사664509
다사677469
다사715499
다사662502
다사711514
다사709495
다사667514
다사697518
다사686466
다사673509
다사697495
다사699524
다사663500
다사662510
다사691483
다사700506
다사698499
다사697515
다사657498
다사669512
다사712515
다사691506
다사697514
다사714511
다사702516
다사697524
다사710507
다사662508
다사661503
다사691482
다사694522
다사689473
다사668515
다사695521
다사669511
다사665515
다사701520
다사712528
다사678468
다사713535
다사661492
다사685519
다사682513
다사662497
다사699493
다사696505
다사701504
다사665475
다사680468
다사669513
다사683469
다사714524
다사663476
다사705527
다사676513
다사697505
다사669510
다사661506
다사697503
다사689474
다사710527
다사659508
다사656501
다사665484
다사712496
다사693516
다사691516
다사690517
다사713531
다사698508
다사697512
다사699527
다사684466
다사717507
다사667505
다사662503
다사684521
다사686518
다사686468
다사691500
다사685511
다사690492
다사699520
다사708529
다사697509
다사711522
다사665501
다사695520
다사691522
다사702526
다사715505
다사656497
다사679518
다사687478
다사687472
다사681510
다사693489
다사705518
다사689476
다사681519
다사681497
다사685470
다사714526
다사701493
다사709532
다사658494
다사663502
다사704495
다사665500
다사675519
다사669516
다사662491
다사683470
다사707518
다사702525
다사696518
다사668509
다사702495
다사696490
다사711533
다사663478
다사684517
다사704532
다사687471
다사714505
다사660499
다사670513
다사679474
다사705526
다사672514
다사658501
다사681483
다사703526
다사712527
다사690479
다사698502
다사662507
다사679470
다사696521
다사708503
다사668508
다사704494
다사672517
다사716501
다사660493
다사697510
다사713500
다사692521
다사697490
다사680515
다사662499
다사700507
다사660492
다사676518
다사692481
다사686512
다사705522
다사700517
다사691495
다사683510
다사709527
다사686467
다사700516
다사702520
다사710530
다사713527
다사683517
다사698522
다사662496
다사680520
다사664508
다사699523
다사679475
다사702502
다사701530
다사703499
다사669506
다사657495
다사700521
다사677471
다사689471
다사715498
다사715506
다사680472
다사684472
다사681476
다사657500
다사687521
다사703532
다사712531
다사693478
다사714500
다사657497
다사707512
다사693497
다사710506
다사667506
다사666514
다사678515
다사661499
다사698506
다사708499
다사675507
다사664501
다사715522
다사714527
다사655494
다사670516
다사708527
다사696488
다사702528
다사697494
다사693522
다사694508
다사701527
다사696507
다사677514
다사711530
다사711506
다사661501
다사676512
다사693490
다사691492
다사672516
다사680483
다사695490
다사667515
다사716522
다사685517
다사666509
다사689480
다사694493
다사697506
다사716507
다사698501
다사659497
다사662494
다사677519
다사698489
다사706526
다사670518
다사700528
다사708502
다사656493
다사688516
다사660505
다사660501
다사688480
다사660500
다사702504
다사702530
다사682511
다사657501
다사698517
다사700493
다사678519
다사708520
다사697517
다사715500
다사700527
다사684514
다사666508
다사673514
다사669509
다사701499
다사680469
다사687513
다사702503
다사681467
다사698491
다사697523
다사696489
다사691501
다사681518
다사720495
다사673511
다사667513
다사670517
다사693494
다사697511
다사686519
다사663495
다사666516
다사682515
다사661495
다사668488
다사668513
다사671472
다사703517
다사681521
다사699517
다사691478
다사705515
다사680519
다사707504
다사704516
다사663504
다사713529
다사664496
다사708525
다사713508
다사689519
다사715504
다사718507
다사702527
다사693491
다사690473
다사660503
다사660506
다사703530
다사701528
다사704496
다사680471
다사682473
다사696491
다사707513
다사687507
다사661496
다사680516
다사685467
다사701516
다사706523
다사699521
다사699522
다사704531
다사699499
다사684474
다사703531
다사696502
다사697502
다사684464
다사708531
다사680513
다사698527
다사715503
다사703521
다사684515
다사700523
다사712524
다사659493
다사710528
다사663505
다사663506
다사685512
다사656498
다사703528
다사688476
다사696509
다사707532
다사692507
다사707515
다사688520
다사696526
다사683518
다사698507
다사681514
다사707516
다사717497
다사664498
다사658498
다사695517
다사673516
다사698519
다사693507
다사694484
다사697493
다사667512
다사675516
다사669495
다사684518
다사671512
다사683506
다사709525
다사705521
다사683475
다사712532
다사699513
다사690496
다사693488
다사690493
다사702519
다사708533
다사715508
다사685514
다사706515
다사712534
다사661491
다사699519
다사661497
다사693520
다사687503
다사654494
다사719498
다사708518
다사664512
다사677468
다사692496
다사674509
다사700510
다사683474
다사675508
다사711521
다사682517
다사701500
다사698494
다사681515
다사664513
다사683520
다사685515
다사671513
다사676510
다사673515
다사706529
다사696500
다사664506
다사684468
다사706532
다사702518
다사682512
다사714534
다사664497
다사693483
다사695489
다사686465
다사690477
다사698515
다사680521
다사708521
다사702531
다사668516
다사711509
다사686516
다사673518
다사673513
다사678517
다사720501
다사678472
다사692484
다사668478
다사704500
다사687470
다사691519
다사704527
다사707498
다사700494
다사696503
다사716500
다사696494
다사702506
다사697499
다사659503
다사693496
다사710517
다사705512
다사704498
다사719500
다사717510
다사695519
다사701494
다사672518
다사684470
다사695487
다사718516
다사684520
다사700522
다사666506
다사715496
다사685480
다사660494
다사658505
다사662492
다사660510
다사669514
다사672515
다사694518
다사690476
다사689479
다사699495
다사690489
다사716505
다사703525
다사701523
다사681473
다사692515
다사712508
다사663493
다사718506
다사702523
다사668512
다사696493
다사658500
다사672471
다사665497
다사692510
다사695523
다사682474
다사682469
다사673512
다사674518
다사672519
다사710529
다사688470
다사670472
다사701519
다사656500
다사698518
다사706511
다사662498
다사709516
다사679472
다사681466
다사690520
다사694515
다사719512
다사692523
다사667504
다사677509
다사690494
다사669515
다사697521
다사682471
다사663509
다사662506
다사715507
다사711516
다사701505
다사708532
다사718498
다사711532
다사691521
다사664479
다사698492
다사699492
다사688503
다사707525
다사662512
다사701495
다사706521
다사680470
다사687481
다사698521
다사675510
다사704526
다사682466
다사658499
다사701507
다사693518
다사669491
다사682475
다사710524
다사703505
다사661498
다사665498
다사663496
다사668514
다사661504
다사710497
다사715516
다사664499
다사684465
다사685516
다사694488
다사693523
다사704524
다사667503
다사712511
다사710518
다사674513
다사681469
다사678508
다사703500
다사695493
다사709530
다사665509
다사694521
다사688517
다사665513
다사675512
다사679471
다사712509
다사663494
다사693521
다사695494
다사680475
다사657499
다사706527
다사667516
다사688479
다사680517
다사663507
다사668517
다사668510
다사665503
다사679473
다사712498
다사707519
다사683465
다사689515
다사719513
다사696506
다사697504
다사685518
다사707522
다사703520
다사659505
다사688519
다사698500
다사701503
다사708528
다사703519
다사712507
다사695525
다사676509
다사666512
다사692483
다사688515
다사713513
다사697492
다사697507
다사713533
다사697501
다사692482
다사685469
다사708515
다사660496
다사693503
다사680518
다사678475
다사671511
다사706525
다사716503
다사682468
다사681474
다사690518
다사661510
다사707526
다사713499
다사705517
다사684513
다사699494
다사704499
다사709522
다사664514
다사696492
다사696499
다사666503
다사715501
다사714508
다사666505
다사693492
다사663477
다사690490
다사710504
다사695522
다사703508
다사689517
다사661502
다사682520
다사687480
다사692519
다사690508
다사709528
다사711496
다사687518
다사685468
다사697508
다사689520
다사682470
다사691505
다사712499
다사709503
다사666507
다사694486
다사695484
다사677521
다사702500
다사700499
다사678513
다사678509
다사690491
다사661508
다사666511
다사700512
다사665511
다사663492
다사712522
다사712497
다사694496
다사658502
다사707521
다사694520
다사705496
다사660508
다사697516
다사708517
다사706520
다사712533
다사716499
다사701524
다사674470
다사694483
다사710505
다사659499
다사680467
다사696519
다사679476
다사673508
다사706519
다사718515
다사707502
다사664510
다사660502
다사660504
다사698525
다사700529
다사657496
다사676470
다사699516
다사683467
다사692516
다사656495
다사714535
다사692478
다사713530
다사694480
다사693479
다사666510
다사685474
다사695508
다사683512
다사683476
다사692492
다사718503
다사694524
다사715526
다사664511
다사678520
다사690522
다사683513
다사691475
다사658496
다사700524
다사707533
다사705511
다사699512
다사668507
다사687517
다사679516
다사712514
다사687515
다사710532
다사706533
다사704515
다사719511
다사691507
다사676520
다사674512
다사689514
다사668511
다사691487
다사697519
다사660507
다사661511
다사663499
다사687516
다사665505
다사700520
다사713509
다사719502
다사698528
다사688472
다사700495
다사679468
다사696524
다사691494
다사681468
다사696520
다사703524
다사701518
다사700500
다사701510
다사681472
다사716506
다사691480
다사698514
다사705498
다사714510
다사703522
다사707529
다사705524
다사683515
다사697526
다사666515
다사703516
다사720496
다사689478
다사684512
다사672513
다사700519
다사657493
다사705520
다사712512
다사667474
다사683516
다사654493
다사657503
다사676519
다사706512
다사657494
다사720499
다사661494
다사694485
다사681470
다사708519
다사679520
다사714496
다사693482
다사704505
다사701517
다사682521
다사694523
다사667478
다사708526
다사686515
다사698510
다사686520
다사693510
다사692485
다사700501
다사711497
다사691504
다사712523
다사660498
다사683521
다사703501
다사665508
다사694495
다사684511
다사714499
다사685520
다사694482
다사657502
다사701529
다사663508
다사693519
다사717501
다사698493
다사696495
다사696501
다사663503
다사693481
다사672472
다사677470
다사666500
다사698516
다사692486
다사655496
다사720502
다사713510
다사700504
다사678471
다사684475
다사714506
다사688521
다사665514
다사681471
다사662509
다사690514
다사682476
다사665504
다사704506
다사694516
다사667510
다사715502
다사704521
다사686517
다사692477
다사702499
다사717498
다사687519
다사715509
다사663501
다사679521
다사706518
다사702529
다사692520
다사705494
다사690475
다사692491
다사674514
다사702498
다사664500
다사690521
다사687473
다사683468
다사697491
다사689516
다사688513
다사679519
다사716515
다사682518
다사686507
다사719499
다사685464
다사702521
다사711528
다사695518
다사713528
다사710522
다사718499
다사712529
다사710503
다사709533
다사671518
다사679469
다사701522
다사696523
다사684469
다사665502
다사675511
다사659506
다사666504
다사704518
다사662500
다사713495
다사709504
다사714533
다사707517
다사670512
다사709517
다사663510
다사656502
다사667507
다사680510
다사686521
다사678474
다사707520
다사704525
다사692487
다사699506
다사713511
다사689507
다사705533
다사684516
다사659492
다사674511
다사666501
다사693485
다사678521
다사666502
다사675517
다사698511
다사705532
다사705525
다사692522
다사711531
다사692476
다사689521
다사681520
다사698503
다사705519
다사685473
다사659496
다사687514
다사713515
다사693515
다사689472
다사693477
다사716498
다사700525
다사712516
다사711534
다사688508
다사708504
다사696517
다사656496
다사706522
다사676511
다사699504
다사690482
다사717517
다사696486
다사713532
다사678518
다사670511
다사714498
다사686470
다사691489
다사670514
다사684519
다사692479
다사699528
다사666513
다사683472
다사680476
다사664480
다사691493
다사685466
다사716508
다사699518
다사665510
다사692480
다사701521
다사694525
다사663497
다사671514
다사718500
다사659494
다사713507
다사705523
다사685521
다사697525
다사719503
다사691508
다사694519
다사708500
다사692517
다사691523
다사681512
다사670515
다사680473
다사686464
다사683471
다사700530
다사696516
다사659500
다사671519
다사702524
다사709518
다사699529
다사693517
다사666486
다사676469
다사718510
다사677473
다사682519
다사658495
다사708522
다사665506
다사715512
다사656499
다사671516
다사683473
다사701506
다사703495
다사667508
다사704519
다사664495
다사665495
다사682472
다사706528
다사675513
다사695488
다사697527
다사712500
다사719496
다사693486
다사664507
다사711502
다사694491
다사717518
다사689508
다사711519
다사662504
다사708530
다사695485
다사716504
다사676521
다사695516
다사717499
다사677472
다사704522
다사687520
다사709515
다사702522
다사683514
다사704520
다사712526
다사704530
다사713534
다사694507
다사700511
다사658497
다사658503
다사702505
다사710515
다사696522
다사695526
다사698520
다사692524
다사693493
다사691490
다사694490
다사706517
다사660509
다사704517
다사706524
다사666488
다사664504
다사684467
다사695486
다사695492
다사715524
다사659502
다사692493
다사704523
다사686514
다사694487
다사665512
다사668473
다사692518
다사673517
다사678516
다사706516
다사694481
다사675509
다사697489
다사659507
다사699505
다사698490
다사669478
다사694489
다사671517
다사692495
다사711501
다사683519
다사697520
다사703529
다사713526
다사686513
다사707528
다사669518
다사705531
다사675518
다사714512
다사695491
다사699526
다사664505
다사658504
다사687479
다사695524
다사699525
다사690478
다사712495
다사675520
다사707527
다사681516
다사702517
다사666474
다사678473
다사663511
다사709529
다사681517
다사663498
다사717504
다사697522
다사705516
다사665507
다사691496
다사675469
다사678470
다사682477
다사667509
다사716523
다사686471
다사696487
다사700518
다사705497
다사713512
다사704508
다사707495
다사710533
다사668506
다사691477
다사662505
다사679517
다사699507
다사695509
다사659501
다사693524
다사712530
다사661493
다사703527
다사693480
다사713496
다사690507
다사698526
다사691481
다사675514
다사579454
다사585452
다사583456
다사597458
다사595438
다사638410
다사584464
다사587471
다사581459
다사592472
다사592435
다사596460
다사579456
다사640430
다사647409
다사648409
다사593437
다사608451
다사618440
다사576468
다사596442
다사596459
다사611446
다사646408
다사631424
다사596451
다사644431
다사602437
다사586444
다사618444
다사611467
다사611450
다사610454
다사607421
다사609442
다사591442
다사594467
다사592449
다사606450
다사584455
다사590465
다사579463
다사589439
다사603422
다사599478
다사586455
다사620446
다사585440
다사629427
다사633440
다사584448
다사604424
다사634428
다사582478
다사587444
다사605454
다사601444
다사618438
다사618428
다사623437
다사610428
다사609450
다사616458
다사647426
다사575465
다사615455
다사627435
다사582480
다사650412
다사631437
다사588433
다사582472
다사616465
다사608440
다사658419
다사594432
다사586440
다사588435
다사615446
다사614436
다사587440
다사592464
다사596465
다사583461
다사587447
다사648433
다사591448
다사592439
다사649409
다사600442
다사589441
다사597461
다사642425
다사656415
다사610464
다사648404
다사636425
다사612462
다사604417
다사601439
다사583469
다사586466
다사587434
다사604474
다사635429
다사596479
다사610470
다사649403
다사611453
다사615462
다사592479
다사605470
다사587466
다사593440
다사596453
다사592444
다사586436
다사636415
다사642429
다사609446
다사600419
다사602474
다사586470
다사612446
다사594446
다사579473
다사605443
다사580478
다사588440
다사597457
다사613452
다사648436
다사581472
다사636428
다사599469
다사627425
다사612466
다사579457
다사639417
다사596446
다사585451
다사585444
다사583458
다사590444
다사626426
다사603458
다사594445
다사583449
다사632439
다사587482
다사646417
다사629435
다사613443
다사576472
다사617443
다사577460
다사597459
다사604464
다사600471
다사587443
다사612454
다사653415
다사601453
다사583466
다사597470
다사601452
다사605458
다사599446
다사626441
다사602453
다사609458
다사590432
다사606429
다사654415
다사604453
다사636429
다사647424
다사595446
다사589461
다사616437
다사581453
다사582454
다사591470
다사602426
다사576461
다사585441
다사614445
다사662409
다사587454
다사650434
다사585464
다사591435
다사598460
다사575469
다사601472
다사602440
다사611438
다사619444
다사645430
다사582483
다사602423
다사613445
다사580452
다사602463
다사589443
다사605429
다사610453
다사658418
다사590464
다사594451
다사588476
다사604414
다사610471
다사636437
다사650414
다사596427
다사605421
다사584441
다사612442
다사585436
다사580466
다사594461
다사615424
다사588462
다사603442
다사610466
다사620444
다사648408
다사607448
다사592466
다사607451
다사592433
다사633439
다사602461
다사595475
다사601469
다사590463
다사578461
다사588437
다사614444
다사582466
다사600451
다사637436
다사599445
다사634437
다사612445
다사621433
다사592436
다사607428
다사650418
다사598461
다사601430
다사599432
다사594479
다사600438
다사591440
다사594448
다사648406
다사600420
다사584451
다사591438
다사593438
다사591475
다사608458
다사606439
다사578472
다사638413
다사601476
다사630438
다사608450
다사594456
다사631434
다사618426
다사584467
다사582453
다사601441
다사588457
다사635437
다사597441
다사586478
다사591478
다사586456
다사590452
다사600478
다사618432
다사648432
다사610465
다사586448
다사633438
다사585476
다사648425
다사595458
다사604458
다사580472
다사599476
다사588434
다사577472
다사590438
다사585439
다사607458
다사646437
다사589447
다사591479
다사582463
다사639415
다사618437
다사604447
다사592447
다사587470
다사654414
다사596426
다사599458
다사616444
다사576463
다사591461
다사590442
다사590468
다사606468
다사619438
다사581458
다사601460
다사590471
다사596445
다사596467
다사610446
다사596428
다사646435
다사604425
다사607430
다사631440
다사618441
다사579467
다사616463
다사614463
다사577461
다사586464
다사599419
다사628428
다사646428
다사597446
다사624441
다사587462
다사605459
다사605464
다사653416
다사630427
다사649412
다사611448
다사604439
다사599462
다사645418
다사587446
다사600458
다사612455
다사638425
다사614438
다사633426
다사637424
다사595427
다사581480
다사625437
다사590436
다사592440
다사578456
다사593472
다사614467
다사599451
다사606452
다사597431
다사576474
다사594434
다사597469
다사615441
다사580457
다사593468
다사595440
다사642414
다사601440
다사582455
다사583474
다사590440
다사652406
다사647406
다사600446
다사616459
다사590479
다사617444
다사591474
다사604462
다사596463
다사612453
다사592468
다사601449
다사591457
다사601417
다사641426
다사579461
다사649407
다사583462
다사605467
다사606459
다사592450
다사639409
다사588439
다사595467
다사598430
다사641407
다사601459
다사613465
다사588445
다사588448
다사601420
다사600473
다사617438
다사648415
다사595442
다사596432
다사596470
다사591450
다사598451
다사605466
다사614424
다사601473
다사605434
다사587433
다사600437
다사574473
다사627428
다사583470
다사598449
다사587458
다사595451
다사604460
다사583457
다사592475
다사593458
다사581457
다사611449
다사589474
다사593467
다사587452
다사589456
다사593455
다사641425
다사611433
다사614446
다사602476
다사608445
다사605445
다사601467
다사604442
다사602450
다사616464
다사583450
다사653414
다사581469
다사587472
다사626440
다사589431
다사599433
다사623438
다사596471
다사591449
다사616428
다사589480
다사604454
다사594458
다사597448
다사579459
다사606461
다사586443
다사606443
다사584477
다사637415
다사610431
다사602420
다사603470
다사597434
다사646402
다사632438
다사624421
다사649405
다사593459
다사604459
다사642410
다사649416
다사611440
다사601464
다사643409
다사590437
다사638437
다사651413
다사605428
다사603443
다사601428
다사602445
다사611464
다사613455
다사626425
다사591467
다사603467
다사608472
다사632435
다사630428
다사639413
다사603462
다사588456
다사608429
다사614426
다사628437
다사603451
다사647401
다사606466
다사632436
다사602473
다사594454
다사586447
다사580469
다사588443
다사601418
다사595435
다사593465
다사583459
다사577466
다사606418
다사581451
다사598427
다사604476
다사634427
다사604450
다사648424
다사615443
다사599421
다사603434
다사600423
다사605473
다사586453
다사601458
다사605468
다사626427
다사594447
다사586445
다사597475
다사605424
다사590456
다사606447
다사652418
다사603457
다사582482
다사589478
다사603447
다사613444
다사602429
다사592462
다사594459
다사598453
다사585475
다사617437
다사615464
다사586446
다사598431
다사599471
다사649435
다사614461
다사587475
다사596458
다사600460
다사587453
다사610435
다사583478
다사586463
다사613464
다사582459
다사584442
다사627426
다사578460
다사590434
다사640408
다사577470
다사598424
다사651417
다사582457
다사589436
다사643410
다사609463
다사580460
다사615457
다사657415
다사641408
다사622434
다사587451
다사605420
다사596478
다사589472
다사593444
다사652411
다사605452
다사633428
다사608435
다사628436
다사600475
다사584440
다사590461
다사609445
다사580467
다사584446
다사609452
다사586435
다사605476
다사595457
다사592461
다사619427
다사591451
다사605418
다사577465
다사645432
다사605441
다사628435
다사637425
다사601477
다사584468
다사602464
다사582471
다사603459
다사579476
다사642427
다사583463
다사597471
다사656417
다사601424
다사613446
다사647408
다사608460
다사607453
다사612450
다사657418
다사616457
다사587449
다사578457
다사640416
다사593480
다사604416
다사622437
다사584483
다사606430
다사600459
다사612461
다사583482
다사631428
다사637412
다사606451
다사604426
다사650417
다사598457
다사578455
다사611452
다사576469
다사629429
다사585466
다사598428
다사603431
다사634426
다사604465
다사609451
다사616425
다사616450
다사586482
다사619434
다사575472
다사576464
다사580471
다사613426
다사614429
다사599474
다사596464
다사649433
다사616443
다사632429
다사650415
다사616429
다사596462
다사614425
다사650411
다사594460
다사603440
다사603472
다사595447
다사600453
다사634440
다사606470
다사601465
다사579464
다사590450
다사611443
다사655408
다사592442
다사612463
다사632426
다사651410
다사590433
다사582470
다사596468
다사604438
다사597463
다사652417
다사597456
다사598471
다사587474
다사594475
다사575471
다사617432
다사589434
다사593433
다사611447
다사585474
다사592445
다사586441
다사647416
다사601433
다사584479
다사646430
다사596437
다사607420
다사608449
다사651432
다사603435
다사596431
다사645416
다사596438
다사597439
다사640429
다사655414
다사647417
다사614437
다사630425
다사643416
다사644417
다사651404
다사602416
다사606465
다사591466
다사612426
다사645436
다사633427
다사580474
다사595471
다사600467
다사601475
다사599442
다사593460
다사599470
다사630443
다사580451
다사577463
다사605439
다사605463
다사648412
다사584480
다사606444
다사591437
다사597451
다사613427
다사603418
다사583453
다사585455
다사583472
다사596444
다사654417
다사584458
다사655412
다사649427
다사611442
다사588461
다사600447
다사578459
다사655409
다사637429
다사577467
다사602446
다사587461
다사605427
다사644429
다사592453
다사601450
다사628439
다사642411
다사651431
다사612433
다사595465
다사613454
다사575468
다사593443
다사593453
다사606442
다사593452
다사616451
다사582474
다사646412
다사583451
다사604440
다사584461
다사638416
다사582461
다사612432
다사612464
다사649418
다사613466
다사592452
다사647412
다사583448
다사631427
다사581477
다사598469
다사590457
다사585463
다사641429
다사585473
다사623440
다사611431
다사580461
다사582451
다사593475
다사597447
다사607419
다사615444
다사650413
다사597422
다사609448
다사592470
다사605446
다사580453
다사579465
다사603413
다사602433
다사655413
다사581465
다사608457
다사645431
다사603426
다사595428
다사631439
다사582468
다사613438
다사617428
다사593461
다사640407
다사598458
다사600462
다사585450
다사593445
다사654419
다사586481
다사576470
다사581474
다사619440
다사594435
다사600457
다사601471
다사617430
다사631423
다사611436
다사583479
다사617451
다사608471
다사615465
다사606420
다사580455
다사599467
다사615466
다사592467
다사590476
다사617429
다사621434
다사588451
다사600452
다사617425
다사607460
다사585457
다사641416
다사604433
다사608436
다사601434
다사602467
다사588447
다사591433
다사591444
다사591454
다사595478
다사644432
다사600440
다사607438
다사597427
다사609443
다사611456
다사644416
다사606421
다사592455
다사635414
다사593436
다사601461
다사631436
다사581471
다사610444
다사621443
다사633425
다사584482
다사656418
다사589430
다사591439
다사649413
다사589455
다사603460
다사592476
다사633437
다사615437
다사647411
다사580468
다사599427
다사605461
다사605472
다사588477
다사642415
다사589457
다사586468
다사602447
다사603438
다사603475
다사586465
다사605453
다사589463
다사587450
다사594457
다사613436
다사653418
다사600418
다사594480
다사614442
다사586439
다사638414
다사648426
다사618427
다사608437
다사586479
다사600422
다사580482
다사648422
다사585479
다사583452
다사608456
다사597429
다사645435
다사609472
다사640411
다사596455
다사637413
다사662411
다사596469
다사613462
다사603466
다사595456
다사604445
다사615459
다사637437
다사620443
다사579462
다사602458
다사592457
다사585483
다사580454
다사603471
다사636424
다사589453
다사587455
다사587459
다사654408
다사593454
다사613448
다사585468
다사592432
다사575466
다사585454
다사628425
다사603445
다사636413
다사598450
다사586459
다사591462
다사601437
다사597425
다사612440
다사595445
다사606445
다사617442
다사606453
다사642424
다사585446
다사597455
다사599465
다사590467
다사596475
다사615445
다사592437
다사598443
다사581454
다사582446
다사615454
다사587481
다사596447
다사605432
다사610449
다사603423
다사654413
다사595473
다사586475
다사602449
다사597440
다사633435
다사598432
다사621444
다사591430
다사601474
다사613463
다사582447
다사593432
다사605474
다사599444
다사590445
다사606428
다사615463
다사600476
다사595453
다사605456
다사601421
다사604448
다사611445
다사601422
다사602438
다사591459
다사588444
다사589446
다사639431
다사629434
다사608444
다사579475
다사625440
다사594444
다사603450
다사647425
다사605451
다사584469
다사583454
다사609470
다사607468
다사598465
다사603448
다사591432
다사649408
다사612447
다사597460
다사587436
다사591453
다사574469
다사584443
다사585465
다사598441
다사610459
다사575470
다사600450
다사582452
다사587456
다사605425
다사638415
다사590455
다사630429
다사617450
다사651409
다사608454
다사611439
다사601448
다사590459
다사578467
다사598448
다사595439
다사586460
다사609438
다사583445
다사589438
다사646409
다사592460
다사585449
다사617441
다사651416
다사590430
다사593471
다사651415
다사596473
다사608419
다사580464
다사643430
다사581447
다사589452
다사595460
다사594474
다사596439
다사603417
다사644430
다사655417
다사595455
다사628427
다사598429
다사607459
다사590481
다사609453
다사596454
다사584478
다사594466
다사603415
다사585458
다사583471
다사655410
다사609439
다사648403
다사592443
다사586462
다사649423
다사579479
다사586472
다사594478
다사598422
다사593451
다사601445
다사604456
다사606460
다사583483
다사615448
다사587448
다사619439
다사579455
다사606464
다사582465
다사649425
다사609468
다사584474
다사582458
다사589477
다사648413
다사595459
다사592473
다사652404
다사613450
다사647404
다사618442
다사604418
다사637414
다사605448
다사583464
다사602441
다사603420
다사605417
다사593446
다사602422
다사613449
다사610451
다사605449
다사651405
다사587460
다사583447
다사596448
다사604473
다사578462
다사590451
다사598440
다사617436
다사645417
다사620434
다사580473
다사612467
다사603453
다사607447
다사590453
다사608470
다사593434
다사593456
다사596430
다사603433
다사604467
다사601468
다사602448
다사591480
다사605457
다사607473
다사596425
다사592480
다사646425
다사599453
다사606440
다사577459
다사587476
다사581481
다사594455
다사587464
다사596429
다사580459
다사600468
다사584472
다사619423
다사646416
다사597426
다사583481
다사652413
다사590472
다사604449
다사634425
다사608439
다사586451
다사591443
다사603449
다사588468
다사604446
다사600421
다사601419
다사615461
다사602472
다사599468
다사584457
다사620432
다사586474
다사586471
다사643414
다사596466
다사592465
다사602460
다사629428
다사599473
다사584456
다사606473
다사614465
다사633429
다사602435
다사613457
다사611441
다사598442
다사598466
다사589475
다사613442
다사591472
다사613437
다사590462
다사593435
다사635413
다사619431
다사595470
다사646436
다사636438
다사629425
다사579472
다사594431
다사615460
다사587442
다사592474
다사608446
다사614443
다사594442
다사607437
다사573472
다사577464
다사588475
다사602419
다사647436
다사599460
다사602452
다사600449
다사604444
다사606446
다사597443
다사658420
다사589445
다사606475
다사641411
다사630436
다사574472
다사647434
다사600417
다사602451
다사617419
다사585477
다사605422
다사624439
다사611463
다사588452
다사596472
다사657420
다사579470
다사607470
다사581470
다사621432
다사606417
다사618433
다사597430
다사601443
다사589440
다사612427
다사584462
다사592448
다사594438
다사596452
다사611462
다사585447
다사601431
다사647433
다사588450
다사616438
다사597466
다사644418
다사584449
다사616447
다사635428
다사647405
다사609440
다사602444
다사632430
다사657417
다사639429
다사654410
다사584453
다사592434
다사609449
다사600469
다사644410
다사590449
다사597472
다사589468
다사595437
다사648402
다사608443
다사598423
다사646401
다사622438
다사576467
다사594470
다사593449
다사598434
다사602443
다사635436
다사639410
다사598477
다사597464
다사589454
다사597450
다사607429
다사584475
다사584481
다사609421
다사597438
다사585470
다사598454
다사608467
다사627434
다사588474
다사600441
다사613429
다사646410
다사616445
다사610445
다사584445
다사639437
다사587463
다사607472
다사602431
다사590448
다사593457
다사588441
다사587439
다사634436
다사585462
다사585438
다사597453
다사600461
다사602421
다사628433
다사584459
다사603463
다사586454
다사622433
다사584471
다사656419
다사599443
다사610447
다사603446
다사605450
다사610436
다사596443
다사586467
다사611466
다사595429
다사597474
다사585467
다사595474
다사614450
다사610448
다사586452
다사594469
다사578466
다사650405
다사603474
다사608447
다사625439
다사584454
다사584466
다사603461
다사636430
다사596474
다사649424
다사593463
다사591434
다사595444
다사579460
다사636436
다사578458
다사593474
다사601429
다사609467
다사612437
다사613425
다사589469
다사634435
다사582469
다사648434
다사599475
다사599424
다사607442
다사584439
다사589471
다사602475
다사657419
다사596461
다사580462
다사602462
다사588449
다사601423
다사587457
다사596441
다사604475
다사595462
다사601462
다사579453
다사608448
다사577471
다사597423
다사597454
다사604457
다사578464
다사647418
다사586437
다사611465
다사587465
다사592458
다사600432
다사580470
다사580479
다사581466
다사617454
다사648401
다사595477
다사602459
다사610452
다사617427
다사618443
다사606457
다사593476
다사594452
다사577468
다사579452
다사593441
다사594440
다사606449
다사615449
다사593479
다사627437
다사588460
다사611451
다사654409
다사641410
다사593470
다사628434
다사589435
다사610462
다사638412
다사646419
다사651414
다사600425
다사610463
다사607466
다사617446
다사578471
다사652431
다사592454
다사594462
다사649434
다사593431
다사610442
다사589450
다사597442
다사582479
다사634439
다사641418
다사601463
다사590466
다사594464
다사646434
다사610440
다사579478
다사598433
다사597449
다사605455
다사646424
다사646433
다사598476
다사592459
다사595479
다사586457
다사591468
다사607457
다사594433
다사638424
다사603468
다사595461
다사648410
다사655418
다사607449
다사598475
다사599464
다사625426
다사608438
다사606467
다사581449
다사598445
다사646418
다사592446
다사614451
다사590439
다사610441
다사586450
다사590460
다사582448
다사581448
다사650433
다사613433
다사580458
다사591477
다사584473
다사597462
다사587468
다사643429
다사593462
다사600470
다사606448
다사631429
다사634438
다사619433
다사585459
다사598463
다사604461
다사578476
다사614448
다사595436
다사614464
다사581482
다사589444
다사640424
다사578478
다사598439
다사652414
다사600439
다사609462
다사633436
다사592478
다사584463
다사579477
다사588471
다사602439
다사604422
다사619426
다사647402
다사591431
다사620433
다사591464
다사629426
다사641415
다사590443
다사626428
다사629436
다사596476
다사597468
다사607443
다사601470
다사599477
다사606441
다사599449
다사580465
다사597467
다사602471
다사609444
다사588429
다사630434
다사591452
다사624424
다사591455
다사634429
다사592456
다사597428
다사610437
다사613432
다사592469
다사598462
다사615425
다사644428
다사604423
다사607450
다사627436
다사599459
다사589448
다사600444
다사604443
다사594441
다사582456
다사605444
다사581468
다사649417
다사654418
다사602430
다사585453
다사606427
다사646406
다사581450
다사609436
다사587432
다사595452
다사614466
다사584460
다사605475
다사607439
다사643415
다사581461
다사589481
다사603441
다사617440
다사639424
다사640418
다사585472
다사624438
다사632437
다사608455
다사591465
다사588436
다사595443
다사589449
다사611432
다사580456
다사612449
다사590454
다사650431
다사610429
다사578468
다사601416
다사582477
다사601442
다사603465
다사597465
다사590473
다사600474
다사630435
다사587469
다사647414
다사599430
다사585471
다사586477
다사581462
다사614447
다사583446
다사600430
다사605471
다사639408
다사631438
다사652415
다사599472
다사604466
다사603476
다사594443
다사585442
다사649431
다사580477
다사583480
다사582449
다사606454
다사585437
다사601432
다사591458
다사579469
다사608441
다사640409
다사641417
다사605447
다사617433
다사618446
다사590475
다사629424
다사613453
다사645410
다사602417
다사588431
다사593478
다사587441
다사599423
다사594450
다사645429
다사607444
다사575474
다사655416
다사595450
다사600424
다사587437
다사589476
다사595441
다사650432
다사601438
다사648417
다사585456
다사602418
다사598426
다사609441
다사604421
다사580475
다사603439
다사652405
다사598459
다사586449
다사637428
다사581473
다사602468
다사589442
다사635435
다사598444
다사603428
다사585469
다사642426
다사605440
다사603444
다사588438
다사655411
다사590441
다사594471
다사588432
다사616446
다사598473
다사593466
다사608420
다사662415
다사576471
다사586473
다사602470
다사576462
다사625441
다사626439
다사582467
다사603432
다사597445
다사595463
다사582481
다사600448
다사589458
다사576466
다사599441
다사606438
다사594453
다사605462
다사588458
다사591473
다사608442
다사597452
다사599463
다사595454
다사607427
다사579468
다사649406
다사582473
다사618439
다사586458
다사625425
다사585482
다사599448
다사583460
다사604472
다사637416
다사643411
다사600429
다사603425
다사585443
다사576465
다사585448
다사608452
다사631425
다사592430
다사625442
다사604451
다사581456
다사578477
다사585478
다사604431
다사586442
다사616439
다사638438
다사582462
다사579458
다사604463
다사590478
다사593464
다사599420
다사607467
다사591441
다사595464
다사602469
다사581464
다사605423
다사627427
다사585480
다사589451
다사609447
다사592477
다사606422
다사600465
다사598421
다사585481
다사591456
다사604471
다사598472
다사606423
다사600443
다사577469
다사655419
다사578469
다사615447
다사612428
다사630426
다사603452
다사612465
다사602477
다사646429
다사599457
다사657416
다사592451
다사651412
다사578475
다사588479
다사612444
다사593447
다사603427
다사587477
다사643404
다사621435
다사594463
다사605419
다사606474
다사586461
다사632440
다사647410
다사589429
다사582450
다사609455
다사640417
다사587431
다사581479
다사597421
다사598420
다사610450
다사600464
다사590431
다사652416
다사591460
다사592431
다사598467
다사606455
다사594439
다사597432
다사588472
다사597433
다사577457
다사584450
다사638429
다사592438
다사594472
다사575467
다사589437
다사641414
다사591476
다사593450
다사616436
다사619446
다사600431
다사632427
다사602427
다사630424
다사583467
다사597476
다사589459
다사579474
다사602415
다사607446
다사584452
다사584470
다사590435
다사599422
다사632434
다사646411
다사596456
다사624440
다사615438
다사654416
다사593439
다사636412
다사645411
다사588430
다사602434
다사580481
다사640419
다사577462
다사603421
다사603416
다사626437
다사588442
다사619445
다사647435
다사600426
다사598464
다사581463
다사631426
다사642409
다사635423
다사647403
다사610427
다사582460
다사590474
다사606469
다사618431
다사582464
다사590469
다사650410
다사581460
다사588463
다사578473
다사610439
다사606471
다사630439
다사620445
다사584465
다사589432
다사580450
다사649410
다사600463
다사606458
다사599452
다사591469
다사607474
다사618447
다사615423
다사641424
다사628426
다사587435
다사595466
다사593442
다사591436
다사611427
다사610443
다사585460
다사599440
다사637438
다사601466
다사588455
다사603464
다사578463
다사607445
다사619432
다사631435
다사605465
다사590480
다사578470
다사596440
다사609457
다사613428
다사588459
다사583465
다사598470
다사612448
다사615439
다사581452
다사583455
다사600477
다사661406
다사602442
다사611428
다사588478
다사623439
다사579471
다사598452
다사594473
다사626435
다사606456
다사598474
다사611435
다사637409
다사612412
다사583485
다사594483
다사604434
다사651435
다사632425
다사665410
다사641420
다사624445
다사625443
다사616422
다사587484
다사635411
다사638432
다사616414
다사632444
다사647437
다사611415
다사571476
다사621426
다사591483
다사634430
다사623430
다사622441
다사589484
다사636410
다사657406
다사608422
다사635441
다사648400
다사604441
다사621447
다사624437
다사597478
다사588482
다사622423
다사622444
다사642405
다사643432
다사610425
다사607462
다사632424
다사626432
다사624446
다사651427
다사620416
다사621418
다사618465
다사659409
다사622447
다사632428
다사643399
다사617449
다사574476
다사618416
다사619429
다사616421
다사640431
다사643423
다사654403
다사640410
다사604455
다사665412
다사615473
다사635439
다사614439
다사644421
다사588484
다사613414
다사621429
다사594482
다사653424
다사573484
다사613473
다사567476
다사627441
다사615414
다사596477
다사594465
다사629442
다사618463
다사620442
다사608421
다사611422
다사614473
다사583477
다사590429
다사600481
다사647428
다사642407
다사567474
다사622446
다사656407
다사604415
다사616418
다사663407
다사589466
다사642438
다사603429
다사578465
다사585461
다사576482
다사621431
다사591484
다사572474
다사609425
다사613475
다사615418
다사659417
다사634416
다사600479
다사664411
다사636431
다사630442
다사638407
다사648429
다사622426
다사620437
다사661405
다사658404
다사655430
다사612417
다사622422
다사638408
다사636426
다사590447
다사618419
다사597435
다사608469
다사576479
다사614452
다사614418
다사641406
다사630423
다사573471
다사616468
다사640403
다사619413
다사639440
다사630437
다사630433
다사604480
다사620429
다사658407
다사623415
다사605435
다사610424
다사572477
다사663414
다사611455
다사623435
다사652412
다사624443
다사601478
다사648416
다사648420
다사604470
다사642416
다사635442
다사584438
다사655406
다사604410
다사612443
다사651411
다사653405
다사646413
다사580448
다사639438
다사601425
다사657421
다사650421
다사569474
다사578480
다사574468
다사577474
다사621441
다사571480
다사596450
다사644419
다사638427
다사620428
다사610438
다사640436
다사658411
다사660408
다사646398
다사659401
다사574474
다사597483
다사626424
다사631419
다사607440
다사661415
다사617466
다사639433
다사643400
다사614454
다사599455
다사655421
다사636422
다사647439
다사642434
다사615413
다사607422
다사589479
다사608425
다사575473
다사635420
다사619452
다사614471
다사616472
다사639430
다사613461
다사601427
다사615452
다사612474
다사612475
다사640425
다사583440
다사628443
다사655404
다사655426
다사636434
다사628429
다사574483
다사620427
다사627447
다사608461
다사632416
다사612470
다사659403
다사605412
다사605436
다사640420
다사625447
다사605460
다사639423
다사580485
다사615458
다사616467
다사609460
다사606478
다사641404
다사577477
다사640413
다사608411
다사600413
다사607456
다사629418
다사609476
다사596482
다사618420
다사612431
다사606436
다사634443
다사630431
다사663406
다사611474
다사639420
다사625432
다사586469
다사662405
다사606432
다사608466
다사616471
다사618457
다사635427
다사647432
다사576477
다사643417
다사650427
다사634413
다사652428
다사583439
다사600483
다사614421
다사616460
다사640404
다사574480
다사614412
다사652433
다사663408
다사643435
다사659421
다사608424
다사622421
다사581455
다사646431
다사574479
다사614459
다사635444
다사635410
다사655420
다사612430
다사611457
다사615428
다사657408
다사644401
다사610415
다사638422
다사613420
다사629419
다사618464
다사613467
다사645401
다사605437
다사590477
다사574484
다사622436
다사659415
다사614427
다사617455
다사649421
다사591471
다사656410
다사618450
다사615440
다사609454
다사599484
다사624426
다사654424
다사623420
다사581485
다사606413
다사624447
다사624429
다사598478
다사617416
다사618425
다사575478
다사608426
다사660409
다사611458
다사622418
다사576475
다사622415
다사653422
다사585435
다사614431
다사602454
다사615451
다사577478
다사653412
다사604479
다사656409
다사622432
다사606463
다사646423
다사621445
다사642397
다사658415
다사635416
다사661410
다사629421
다사618460
다사608423
다사653431
다사647429
다사642428
다사659416
다사653433
다사611454
다사633415
다사640423
다사652409
다사625434
다사655424
다사622425
다사619451
다사614430
다사631433
다사584486
다사591429
다사610433
다사641423
다사585434
다사602410
다사619436
다사616431
다사647399
다사661408
다사625448
다사645409
다사615429
다사643425
다사573478
다사607475
다사638419
다사609471
다사610458
다사646420
다사602412
다사634433
다사611424
다사581478
다사619450
다사646403
다사617472
다사604430
다사569478
다사588454
다사611461
다사575462
다사587438
다사650409
다사613417
다사652408
다사616448
다사630418
다사665409
다사604436
다사627443
다사624432
다사655425
다사577475
다사580480
다사617461
다사597480
다사644403
다사626447
다사655405
다사642399
다사626433
다사650404
다사582475
다사634434
다사571478
다사614462
다사599438
다사658402
다사616427
다사644405
다사626420
다사579485
다사657410
다사631418
다사616440
다사644413
다사601454
다사623448
다사645420
다사640439
다사597477
다사609415
다사611475
다사656412
다사639428
다사638436
다사598447
다사626430
다사591481
다사596434
다사573480
다사644427
다사618458
다사631444
다사602456
다사600428
다사628442
다사655429
다사609477
다사610467
다사650426
다사580484
다사614432
다사620419
다사646432
다사649428
다사645400
다사605478
다사634444
다사661413
다사639441
다사587483
다사589465
다사630421
다사577479
다사638426
다사613421
다사617470
다사647415
다사663405
다사657423
다사624418
다사599450
다사638409
다사654430
다사589460
다사653425
다사635430
다사584476
다사618453
다사595426
다사639443
다사613451
다사588473
다사577473
다사626438
다사595448
다사614413
다사645405
다사575483
다사606434
다사571473
다사610468
다사650429
다사665406
다사596435
다사614414
다사614457
다사643421
다사641399
다사593477
다사655423
다사639426
다사600455
다사639414
다사653417
다사636411
다사576460
다사656421
다사645439
다사629438
다사573477
다사616434
다사663413
다사627439
다사644404
다사611411
다사621437
다사631442
다사577455
다사570473
다사648423
다사664412
다사599447
다사635431
다사568474
다사645415
다사625433
다사644441
다사606437
다사637440
다사637410
다사603454
다사624436
다사642422
다사571475
다사612414
다사644435
다사632420
다사643440
다사615422
다사601447
다사569471
다사617471
다사659402
다사638441
다사608430
다사616423
다사602425
다사604478
다사587478
다사643413
다사613447
다사649422
다사594481
다사608474
다사661419
다사607425
다사568476
다사660413
다사656424
다사617448
다사575484
다사630444
다사656426
다사589433
다사597481
다사617467
다사642404
다사640405
다사609431
다사654423
다사594429
다사604437
다사570481
다사603414
다사652422
다사638411
다사610472
다사636432
다사605410
다사642417
다사606412
다사610461
다사636442
다사598419
다사633434
다사575463
다사611469
다사603412
다사641428
다사644397
다사645423
다사643438
다사625423
다사580449
다사653406
다사614458
다사629444
다사622442
다사619418
다사626423
다사603410
다사595449
다사593430
다사588428
다사625429
다사642441
다사662410
다사641440
다사623418
다사594477
다사569477
다사630422
다사589467
다사640402
다사650419
다사658408
다사623434
다사624428
다사633419
다사613441
다사599434
다사618414
다사622440
다사602481
다사583442
다사566475
다사615435
다사609422
다사641442
다사569476
다사608476
다사626442
다사630430
다사628447
다사651429
다사572479
다사625418
다사569479
다사645398
다사583444
다사599436
다사609474
다사621421
다사660420
다사623417
다사576458
다사631441
다사583441
다사620431
다사614441
다사614472
다사614428
다사656406
다사627430
다사602480
다사640428
다사644414
다사657412
다사655415
다사617423
다사650430
다사639422
다사616419
다사598438
다사573470
다사624416
다사657425
다사637431
다사637441
다사624430
다사656428
다사631432
다사593473
다사642442
다사593482
다사623424
다사636435
다사617424
다사587473
다사608459
다사646427
다사591447
다사612472
다사619424
다사600480
다사635433
다사648418
다사629443
다사590446
다사624419
다사571474
다사594484
다사611437
다사619441
다사651419
다사593484
다사619420
다사586484
다사616449
다사595433
다사635434
다사608434
다사613458
다사619457
다사623426
다사611429
다사656425
다사638433
다사582443
다사629420
다사612418
다사645433
다사642402
다사573479
다사657413
다사578485
다사644426
다사625424
다사652410
다사617468
다사651424
다사646414
다사575481
다사623433
다사603409
다사572478
다사629423
다사570480
다사654428
다사663411
다사606431
다사648411
다사617431
다사602432
다사592484
다사633445
다사619430
다사652426
다사594437
다사621439
다사625417
다사654432
다사632431
다사646404
다사612452
다사654405
다사646422
다사650416
다사599439
다사643431
다사646426
다사638428
다사639425
다사576478
다사609475
다사652407
다사650403
다사577482
다사596449
다사566476
다사642403
다사645427
다사578482
다사639436
다사636418
다사596480
다사569475
다사639416
다사641403
다사648419
다사576486
다사666408
다사628440
다사646439
다사574467
다사660401
다사615467
다사583486
다사602455
다사612451
다사652430
다사637426
다사636427
다사573475
다사623446
다사587485
다사642401
다사609473
다사624420
다사570472
다사612459
다사600412
다사608417
다사579482
다사601412
다사629430
다사653429
다사661411
다사652421
다사633430
다사629431
다사591446
다사573476
다사599435
다사621417
다사640422
다사614474
다사617463
다사577480
다사605433
다사626429
다사620435
다사649438
다사620421
다사639442
다사637432
다사604452
다사654406
다사582476
다사619456
다사592486
다사640427
다사581446
다사633417
다사656422
다사610469
다사574475
다사627432
다사654425
다사568477
다사641405
다사627422
다사603456
다사567477
다사603424
다사609429
다사653430
다사599425
다사614422
다사605477
다사570478
다사592485
다사611460
다사613423
다사617417
다사599431
다사646421
다사662417
다사632414
다사596433
다사643436
다사638431
다사605414
다사651406
다사615415
다사599437
다사616461
다사612429
다사621430
다사569480
다사627419
다사576459
다사659413
다사619415
다사626446
다사643441
다사629437
다사611472
다사628423
다사591463
다사614449
다사574466
다사628424
다사634414
다사601479
다사638430
다사656408
다사651420
다사644433
다사657403
다사653427
다사640421
다사578486
다사596457
다사615471
다사616466
다사583443
다사623428
다사641402
다사611413
다사654426
다사610416
다사608433
다사617458
다사609419
다사662412
다사592483
다사641434
다사641427
다사617469
다사625435
다사606424
다사628418
다사588481
다사611418
다사617453
다사578479
다사612434
다사654421
다사615433
다사576473
다사596436
다사623445
다사611416
다사608462
다사615456
다사623443
다사637439
다사656429
다사590483
다사635418
다사598425
다사658422
다사644402
다사627445
다사649437
다사656423
다사633432
다사650436
다사621424
다사631420
다사638442
다사588466
다사611414
다사572472
다사657414
다사604420
다사620414
다사634432
다사651436
다사593448
다사613474
다사625444
다사615442
다사648414
다사609435
다사645397
다사637421
다사637427
다사610434
다사612415
다사659400
다사647407
다사642398
다사606426
다사637420
다사612435
다사604427
다사614415
다사604435
다사600427
다사593429
다사616412
다사575480
다사617439
다사575482
다사649432
다사645402
다사632423
다사633433
다사643419
다사623447
다사623419
다사634417
다사619435
다사609427
다사654422
다사567473
다사585445
다사584447
다사637417
다사632443
다사649401
다사664409
다사595481
다사637411
다사608412
다사567472
다사647430
다사625438
다사664414
다사586431
다사665407
다사608473
다사592441
다사644409
다사620413
다사610456
다사622417
다사617464
다사654420
다사598456
다사615426
다사626448
다사660414
다사645408
다사607465
다사609465
다사665408
다사596483
다사654427
다사594430
다사615412
다사611473
다사665411
다사626443
다사618459
다사632419
다사634415
다사660416
다사625420
다사577456
다사608468
다사618415
다사634431
다사641433
다사644440
다사650423
다사661414
다사612419
다사645406
다사651408
다사627423
다사620440
다사638420
다사638440
다사653421
다사574470
다사578453
다사624427
다사618417
다사607431
다사653423
다사633414
다사574465
다사656413
다사600466
다사628444
다사621446
다사626422
다사603437
다사647421
다사651425
다사645438
다사658423
다사666407
다사659404
다사595482
다사610420
다사615427
다사599482
다사595483
다사578483
다사644400
다사619453
다사618461
다사597484
다사609411
다사603478
다사661418
다사602411
다사624417
다사610476
다사659405
다사652419
다사612441
다사575477
다사638439
다사635421
다사619425
다사588485
다사635432
다사568475
다사650406
다사620424
다사656404
다사636416
다사643433
다사629439
다사574482
다사570475
다사607418
다사642439
다사658403
다사640434
다사622424
다사634419
다사599466
다사608475
다사644437
다사653419
다사593481
다사574478
다사653407
다사581476
다사573482
다사657402
다사627421
다사572475
다사588469
다사588467
다사595469
다사607464
다사588470
다사658424
다사615450
다사601446
다사619449
다사579466
다사607471
다사639427
다사641435
다사614434
다사603479
다사609466
다사606477
다사616420
다사633413
다사626431
다사610475
다사588465
다사633442
다사621425
다사598481
다사641413
다사645419
다사647423
다사611417
다사605411
다사587467
다사635415
다사611430
다사613472
다사579481
다사631422
다사623431
다사628441
다사611421
다사631446
다사608416
다사651423
다사630445
다사643408
다사597436
다사587430
다사599483
다사627438
다사605430
다사651421
다사643427
다사586486
다사632418
다사595434
다사610460
다사640442
다사639419
다사620439
다사607424
다사661417
다사645421
다사610413
다사641409
다사608414
다사617445
다사627420
다사639404
다사658410
다사644408
다사599418
다사633441
다사602424
다사635438
다사612436
다사633421
다사637433
다사617473
다사611476
다사615468
다사618436
다사613459
다사607434
다사601415
다사649430
다사607413
다사616455
다사637434
다사618418
다사627431
다사660418
다사653408
다사658400
다사623441
다사588453
다사581483
다사618413
다사618424
다사641412
다사636439
다사641401
다사648428
다사592429
다사590470
다사602465
다사619447
다사618466
다사616415
다사610457
다사651407
다사610423
다사639411
다사660412
다사613469
다사595431
다사622448
다사605416
다사600472
다사614456
다사644425
다사617421
다사607435
다사646405
다사608432
다사629445
다사630419
다사644439
다사586476
다사614423
다사591482
다사624442
다사597437
다사597479
다사628420
다사635412
다사649411
다사629433
다사660419
다사620418
다사642421
다사613439
다사618467
다사649402
다사620430
다사651430
다사623421
다사655422
다사649415
다사582484
다사612411
다사620420
다사578454
다사589470
다사598436
다사638417
다사595484
다사598435
다사604428
다사621414
다사632422
다사653410
다사627418
다사600482
다사632442
다사606415
다사642420
다사601456
다사593485
다사613411
다사633431
다사637435
다사604429
다사612422
다사569473
다사639418
다사620436
다사573481
다사634422
다사624425
다사634412
다사628422
다사591486
다사613460
다사644424
다사634424
다사567475
다사644415
다사588480
다사611425
다사577484
다사607476
다사642413
다사639434
다사642437
다사622429
다사619448
다사636441
다사618445
다사649404
다사616469
다사621423
다사576476
다사642431
다사632432
다사635422
다사609424
다사644422
다사570479
다사604413
다사614420
다사579450
다사640433
다사620448
다사609432
다사587479
다사644423
다사579480
다사651426
다사621440
다사657411
다사624448
다사626418
다사621436
다사635419
다사637444
다사603477
다사616462
다사616442
다사632433
다사609459
다사615453
다사664413
다사656411
다사597473
다사639439
다사619442
다사644436
다사656420
다사613422
다사597424
다사609456
다사593486
다사616473
다사615417
다사614469
다사630446
다사636444
다사576484
다사622431
다사606425
다사595476
다사658425
다사648427
다사657407
다사650425
다사615432
다사605415
다사645424
다사596481
다사644434
다사652432
다사577483
다사626419
다사603419
다사615436
다사643412
다사578484
다사568479
다사636440
다사644438
다사609412
다사663415
다사577458
다사618451
다사599428
다사633424
다사656405
다사592471
다사579451
다사621422
다사642418
다사627446
다사616435
다사612458
다사621420
다사655428
다사615416
다사641432
다사645426
다사612425
다사586483
다사643405
다사617414
다사622427
다사583468
다사619428
다사660402
다사598480
다사640437
다사657401
다사575461
다사601426
다사657427
다사661407
다사605431
다사583476
다사630440
다사589473
다사616453
다사580476
다사591485
다사615474
다사583475
다사606435
다사602409
다사643437
다사566473
다사624431
다사599481
다사624433
다사629441
다사619437
다사661404
다사613456
다사662416
다사644412
다사624423
다사610411
다사610417
다사609461
다사607436
다사639403
다사620417
다사629440
다사638421
다사662404
다사611468
다사631443
다사609433
다사617426
다사582445
다사601457
다사606472
다사635424
다사663410
다사600454
다사634418
다사653432
다사613435
다사641421
다사597482
다사609426
다사658401
다사603436
다사615472
다사619414
다사581484
다사587486
다사614460
다사618448
다사627440
다사641400
다사659410
다사650402
다사645412
다사565475
다사659419
다사667408
다사588464
다사615419
다사641438
다사660406
다사597420
다사618421
다사624434
다사634423
다사636423
다사645399
다사648435
다사652435
다사598437
다사577481
다사602466
다사590482
다사611470
다사595485
다사642433
다사581475
다사611420
다사636443
다사647420
다사609437
다사609423
다사647427
다사657424
다사614411
다사582444
다사619421
다사601436
다사653409
다사661412
다사659422
다사662413
다사633444
다사626436
다사615421
다사632417
다사608477
다사641419
다사622435
다사617418
다사659407
다사642432
다사622430
다사629447
다사639412
다사654431
다사585484
다사632445
다사601482
다사641437
다사581486
다사584437
다사574471
다사642419
다사647413
다사583484
다사590484
다사606433
다사595430
다사623436
다사648407
다사607416
다사660407
다사658406
다사580486
다사620449
다사639405
다사640435
다사657409
다사602479
다사643398
다사617459
다사620447
다사618462
다사623423
다사616470
다사659411
다사612460
다사622445
다사609417
다사632441
다사612471
다사652420
다사645422
다사607463
다사642400
다사593483
다사643439
다사620438
다사620415
다사609430
다사658409
다사612469
다사661416
다사666411
다사587480
다사605442
다사603480
다사644407
다사628445
다사604477
다사664407
다사601435
다사576481
다사658421
다사636420
다사589483
다사609464
다사621416
다사654412
다사591445
다사617413
다사588486
다사615434
다사626444
다사604419
다사599454
다사599426
다사619417
다사652434
다사643420
다사627442
다사659414
다사610455
다사602428
다사605438
다사648421
다사586480
다사614440
다사594436
다사614417
다사630432
다사616454
다사605479
다사614435
다사652425
다사598482
다사611412
다사635443
다사622428
다사618422
다사605469
다사623425
다사643426
다사571481
다사634421
다사595468
다사650437
다사620422
다사603473
다사627433
다사606416
다사625431
다사592482
다사612420
다사661409
다사596424
다사608464
다사641431
다사618449
다사606419
다사651428
다사652429
다사610426
다사652427
다사602413
다사640441
다사610432
다사620441
다사622419
다사600436
다사572480
다사626445
다사657422
다사613430
다사607469
다사647422
다사628421
다사637423
다사580483
다사647400
다사611444
다사586434
다사607454
다사608453
다사610473
다사634441
다사626421
다사601455
다사582485
다사621442
다사570471
다사639421
다사660403
다사585486
다사617420
다사604412
다사568472
다사662418
다사575476
다사599480
다사664410
다사654429
다사586432
다사631430
다사643397
다사627424
다사606462
다사614453
다사607433
다사613440
다사658405
다사577486
다사609418
다사617452
다사658412
다사658417
다사639406
다사584485
다사607426
다사618456
다사614419
다사629422
다사650408
다사604468
다사645425
다사653411
다사660400
다사657426
다사637418
다사640406
다사659406
다사607423
다사599461
다사646438
다사624444
다사614455
다사614433
다사598483
다사650424
다사652423
다사649429
다사596423
다사607415
다사597444
다사634420
다사584484
다사619419
다사649420
다사568478
다사566474
다사575485
다사659420
다사589462
다사589482
다사592481
다사599479
다사598484
다사653428
다사617465
다사617447
다사606476
다사643403
다사607411
다사614416
다사636417
다사610422
다사641422
다사578481
다사650422
다사612424
다사627444
다사588446
다사616452
다사614470
다사625427
다사653426
다사639432
다사604469
다사611426
다사664405
다사613415
다사650428
다사609434
다사612456
다사643424
다사640432
다사627429
다사637443
다사639435
다사590485
다사636414
다사598446
다사610414
다사637422
다사607452
다사618430
다사637442
다사612416
다사628446
다사642412
다사572473
다사653420
다사610418
다사627448
다사640443
다사621415
다사665413
다사663412
다사645434
다사574477
다사660405
다사616413
다사662407
다사643418
다사653403
다사650420
다사657404
다사581445
다사619416
다사656416
다사634442
다사623444
다사633422
다사648405
다사605426
다사589464
다사644420
다사622414
다사630420
다사603455
다사641430
다사612423
다사635426
다사611434
다사664408
다사594449
다사613470
다사616416
다사631445
다사607461
다사608431
다사572483
다사618435
다사649426
다사605413
다사641439
다사592463
다사616417
다사601413
다사596484
다사645413
다사635417
다사624422
다사604411
다사644411
다사590486
다사598455
다사662408
다사609428
다사617422
다사648437
다사621449
다사598479
다사610421
다사650435
다사653434
다사612457
다사602436
다사580447
다사575475
다사623427
다사615420
다사660404
다사594485
다사608428
다사576480
다사625422
다사642406
다사616433
다사601451
다사613418
다사643401
다사631431
다사617435
다사625421
다사650407
다사644406
다사645403
다사616430
다사620425
다사619443
다사586485
다사612421
다사609420
다사581467
다사578474
다사639407
다사629446
다사608463
다사648430
다사643406
다사613424
다사660417
다사609469
다사617456
다사635425
다사632421
다사623429
다사608415
다사617462
다사625428
다사637430
다사603469
다사587445
다사589485
다사595472
다사634445
다사577485
다사606411
다사582486
다사607477
다사655403
다사624435
다사626434
다사615470
다사612413
다사630441
다사664406
다사608418
다사618452
다사617457
다사580463
다사573483
다사573474
다사656403
다사658416
다사613434
다사607455
다사638423
다사652424
다사621428
다사615431
다사628431
다사613413
다사622420
다사617415
다사613431
다사640426
다사611419
다사622443
다사658414
다사660421
다사642430
다사625436
다사651434
다사568473
다사608465
다사640414
다사616441
다사642408
다사651418
다사608427
다사571479
다사621427
다사618454
다사660415
다사644398
다사571477
다사648438
다사611471
다사649436
다사638435
다사661402
다사643407
다사633420
다사656414
다사611459
다사633416
다사600445
다사636433
다사596485
다사647438
다사661403
다사612438
다사617460
다사616432
다사658413
다사583473
다사621438
다사640412
다사603411
다사608413
다사600433
다사629432
다사636421
다사603430
다사656427
다사618423
다사649414
다사607441
다사620426
다사599429
다사616426
다사625446
다사628430
다사625430
다사602478
다사657405
다사623432
다사569472
다사601481
다사584444
다사663409
다사595480
다사654407
다사619454
다사635440
다사617434
다사628419
다사586438
다사593469
다사659412
다사588483
다사570477
다사590458
다사599456
다사602457
다사666410
다사643434
다사648431
다사642423
다사610412
다사609413
다사646440
다사604432
다사575464
다사662414
다사640440
다사664415
다사618455
다사628438
다사600435
다사646407
다사565474
다사651422
다사618429
다사641441
다사659408
다사594468
다사600434
다사645437
다사582442
다사642435
다사613419
다사570474
다사645440
다사589486
다사572476
다사651433
다사632415
다사615469
다사585485
다사622416
다사636419
다사659423
다사607417
다사660411
다사612468
다사644399
다사572482
다사661401
다사577476
다사643428
다사654404
다사666409
다사625445
다사646400
다사660410
다사603481
다사619455
다사606414
다사643402
다사614468
다사576483
다사640415
다사579483
다사612473
다사616424
다사607432
다사602414
다사661400
다사579484
다사646415
다사642436
다사661420
다사623416
다사663404
다사642440
다사616456
다사654411
다사618434
다사662406
다사576485
다사621448
다사579486
다사623422
다사619422
다사611423
다사573473
다사595432
다사625419
다사667409
다사655407
다사620423
다사612439
다사645404
다사645407
다사609414
다사600456
다사638418
다사647419
다사574481
다사571482
다사623442
다사638434
다사610474
다사613471
다사621419
다사643422
다사641436
다사647431
다사575479
다사570476
다사607414
다사633418
다사609416
다사613468
다사572481
다사615430
다사622439
다사633443
다사613416
다사640438
다사653404
다사663416
다사645428
다사645414
다사628432
다사637419
다사610419
다사586433
다사587429
다사601480
다사613412
다사655427
다사598468
다사607412
다사653413
다사633423
다사631421
다사659418
다사638443
다사610430
다사649419
다사646399
다사594476
